             10 -1.10058222e+00
             12 -1.31980633e+00
             15 -1.49585518e+00
             19 -1.68665007e+00
             25 -1.87852748e+00
             31 -2.09159875e+00
             39 -2.28465715e+00
             50 -2.47798933e+00
             63 -2.67840925e+00
             79 -2.87478328e+00
            100 -3.07939836e+00
            125 -3.28005910e+00
            158 -3.47658240e+00
            199 -3.68129552e+00
            251 -3.87856315e+00
            316 -4.07857716e+00
            398 -4.27896107e+00
            501 -4.47886543e+00
            630 -4.67924526e+00
            794 -4.87882604e+00
           1000 -5.07918346e+00
           1258 -5.27923509e+00
           1584 -5.47924653e+00
           1995 -5.67907756e+00
           2511 -5.87918826e+00
           3162 -6.07920442e+00
           3981 -6.27924129e+00
           5011 -6.47925870e+00
           6309 -6.68067799e+00
           7943 -6.87378816e+00
          10000 -7.07431791e+00
          12589 -7.29887571e+00
          15848 -7.51578650e+00
          19952 -7.77504092e+00
          25118 -7.62050805e+00
          31622 -7.97814192e+00
          39810 -8.29702604e+00
          50118 -7.65712436e+00
          63095 -7.20974182e+00
          79432 -6.93739593e+00
         100000 -6.71567417e+00
         125892 -6.54771617e+00
         158489 -6.32340381e+00
         199526 -5.96883158e+00
         251188 -5.86023139e+00
         316227 -5.75475797e+00
         398107 -5.78753308e+00
         501187 -5.54681419e+00
         630957 -5.43333693e+00
         794328 -5.08137056e+00
        1000000 -5.10137079e+00
        1258925 -4.73343348e+00
        1584893 -4.58380092e+00
        1995262 -4.28420453e+00
        2511886 -4.29972169e+00
        3162277 -3.90939366e+00
        3981071 -4.19273424e+00
