 0.00000000e+00 0.00000000e+00 0.00000000e+00 nan
 1.00000000e-01 4.89913527e-01 5.32125099e-01 -1.10058222e+00
 2.00000000e-01 6.11947613e-01 6.64673797e-01 -1.10058222e+00
 3.00000000e-01 5.98646416e-01 6.50226552e-01 -1.10058222e+00
 4.00000000e-01 5.35558151e-01 5.81702521e-01 -1.10058222e+00
 5.00000000e-01 4.54154246e-01 4.93284753e-01 -1.10058222e+00
 6.00000000e-01 3.66012395e-01 3.97548488e-01 -1.10058222e+00
 7.00000000e-01 2.75391792e-01 2.99119898e-01 -1.10058222e+00
 8.00000000e-01 1.83859306e-01 1.99700857e-01 -1.10058222e+00
 9.00000000e-01 9.19913579e-02 9.99174501e-02 -1.10058222e+00
 1.00000000e+00 0.00000000e+00 0.00000000e+00 nan
