 0.00000000e+00 0.00000000e+00 0.00000000e+00 nan
 1.00000000e-02 8.50921022e-02 8.51630360e-02 -3.07939836e+00
 2.00000000e-02 1.61135830e-01 1.61270155e-01 -3.07939836e+00
 3.00000000e-02 2.28992251e-01 2.29183141e-01 -3.07939836e+00
 4.00000000e-02 2.89440489e-01 2.89681770e-01 -3.07939836e+00
 5.00000000e-02 3.43185527e-01 3.43471610e-01 -3.07939836e+00
 6.00000000e-02 3.90865258e-01 3.91191088e-01 -3.07939836e+00
 7.00000000e-02 4.33056873e-01 4.33417874e-01 -3.07939836e+00
 8.00000000e-02 4.70282635e-01 4.70674668e-01 -3.07939836e+00
 9.00000000e-02 5.03015107e-01 5.03434426e-01 -3.07939836e+00
 1.00000000e-01 5.31681883e-01 5.32125099e-01 -3.07939836e+00
 1.10000000e-01 5.56669864e-01 5.57133910e-01 -3.07939836e+00
 1.20000000e-01 5.78329134e-01 5.78811236e-01 -3.07939836e+00
 1.30000000e-01 5.96976463e-01 5.97474109e-01 -3.07939836e+00
 1.40000000e-01 6.12898473e-01 6.13409392e-01 -3.07939836e+00
 1.50000000e-01 6.26354514e-01 6.26876650e-01 -3.07939836e+00
 1.60000000e-01 6.37579253e-01 6.38110746e-01 -3.07939836e+00
 1.70000000e-01 6.46785027e-01 6.47324194e-01 -3.07939836e+00
 1.80000000e-01 6.54163965e-01 6.54709284e-01 -3.07939836e+00
 1.90000000e-01 6.59889915e-01 6.60440007e-01 -3.07939836e+00
 2.00000000e-01 6.64120179e-01 6.64673797e-01 -3.07939836e+00
 2.10000000e-01 6.66997090e-01 6.67553106e-01 -3.07939836e+00
 2.20000000e-01 6.68649436e-01 6.69206830e-01 -3.07939836e+00
 2.30000000e-01 6.69193751e-01 6.69751598e-01 -3.07939836e+00
 2.40000000e-01 6.68735477e-01 6.69292943e-01 -3.07939836e+00
 2.50000000e-01 6.67370024e-01 6.67926351e-01 -3.07939836e+00
 2.60000000e-01 6.65183721e-01 6.65738226e-01 -3.07939836e+00
 2.70000000e-01 6.62254682e-01 6.62806745e-01 -3.07939836e+00
 2.80000000e-01 6.58653588e-01 6.59202649e-01 -3.07939836e+00
 2.90000000e-01 6.54444394e-01 6.54989946e-01 -3.07939836e+00
 3.00000000e-01 6.49684967e-01 6.50226552e-01 -3.07939836e+00
 3.10000000e-01 6.44427669e-01 6.44964872e-01 -3.07939836e+00
 3.20000000e-01 6.38719880e-01 6.39252324e-01 -3.07939836e+00
 3.30000000e-01 6.32604468e-01 6.33131815e-01 -3.07939836e+00
 3.40000000e-01 6.26120225e-01 6.26642166e-01 -3.07939836e+00
 3.50000000e-01 6.19302249e-01 6.19818507e-01 -3.07939836e+00
 3.60000000e-01 6.12182300e-01 6.12692622e-01 -3.07939836e+00
 3.70000000e-01 6.04789113e-01 6.05293272e-01 -3.07939836e+00
 3.80000000e-01 5.97148690e-01 5.97646480e-01 -3.07939836e+00
 3.90000000e-01 5.89284560e-01 5.89775795e-01 -3.07939836e+00
 4.00000000e-01 5.81218011e-01 5.81702521e-01 -3.07939836e+00
 4.10000000e-01 5.72968306e-01 5.73445939e-01 -3.07939836e+00
 4.20000000e-01 5.64552874e-01 5.65023491e-01 -3.07939836e+00
 4.30000000e-01 5.55987486e-01 5.56450963e-01 -3.07939836e+00
 4.40000000e-01 5.47286412e-01 5.47742636e-01 -3.07939836e+00
 4.50000000e-01 5.38462565e-01 5.38911433e-01 -3.07939836e+00
 4.60000000e-01 5.29527628e-01 5.29969048e-01 -3.07939836e+00
 4.70000000e-01 5.20492173e-01 5.20926061e-01 -3.07939836e+00
 4.80000000e-01 5.11365765e-01 5.11792045e-01 -3.07939836e+00
 4.90000000e-01 5.02157059e-01 5.02575663e-01 -3.07939836e+00
 5.00000000e-01 4.92873888e-01 4.93284753e-01 -3.07939836e+00
 5.10000000e-01 4.83523337e-01 4.83926407e-01 -3.07939836e+00
 5.20000000e-01 4.74111819e-01 4.74507044e-01 -3.07939836e+00
 5.30000000e-01 4.64645135e-01 4.65032468e-01 -3.07939836e+00
 5.40000000e-01 4.55128535e-01 4.55507935e-01 -3.07939836e+00
 5.50000000e-01 4.45566769e-01 4.45938199e-01 -3.07939836e+00
 5.60000000e-01 4.35964136e-01 4.36327560e-01 -3.07939836e+00
 5.70000000e-01 4.26324524e-01 4.26679913e-01 -3.07939836e+00
 5.80000000e-01 4.16651452e-01 4.16998777e-01 -3.07939836e+00
 5.90000000e-01 4.06948105e-01 4.07287341e-01 -3.07939836e+00
 6.00000000e-01 3.97217363e-01 3.97548488e-01 -3.07939836e+00
 6.10000000e-01 3.87461834e-01 3.87784826e-01 -3.07939836e+00
 6.20000000e-01 3.77683876e-01 3.77998717e-01 -3.07939836e+00
 6.30000000e-01 3.67885624e-01 3.68192297e-01 -3.07939836e+00
 6.40000000e-01 3.58069008e-01 3.58367499e-01 -3.07939836e+00
 6.50000000e-01 3.48235778e-01 3.48526071e-01 -3.07939836e+00
 6.60000000e-01 3.38387512e-01 3.38669596e-01 -3.07939836e+00
 6.70000000e-01 3.28525643e-01 3.28799506e-01 -3.07939836e+00
 6.80000000e-01 3.18651465e-01 3.18917097e-01 -3.07939836e+00
 6.90000000e-01 3.08766150e-01 3.09023541e-01 -3.07939836e+00
 7.00000000e-01 2.98870756e-01 2.99119898e-01 -3.07939836e+00
 7.10000000e-01 2.88966244e-01 2.89207129e-01 -3.07939836e+00
 7.20000000e-01 2.79053480e-01 2.79286102e-01 -3.07939836e+00
 7.30000000e-01 2.69133251e-01 2.69357603e-01 -3.07939836e+00
 7.40000000e-01 2.59206266e-01 2.59422343e-01 -3.07939836e+00
 7.50000000e-01 2.49273169e-01 2.49480966e-01 -3.07939836e+00
 7.60000000e-01 2.39334541e-01 2.39534053e-01 -3.07939836e+00
 7.70000000e-01 2.29390908e-01 2.29582131e-01 -3.07939836e+00
 7.80000000e-01 2.19442747e-01 2.19625677e-01 -3.07939836e+00
 7.90000000e-01 2.09490489e-01 2.09665122e-01 -3.07939836e+00
 8.00000000e-01 1.99534523e-01 1.99700857e-01 -3.07939836e+00
 8.10000000e-01 1.89575203e-01 1.89733235e-01 -3.07939836e+00
 8.20000000e-01 1.79612847e-01 1.79762574e-01 -3.07939836e+00
 8.30000000e-01 1.69647745e-01 1.69789165e-01 -3.07939836e+00
 8.40000000e-01 1.59680157e-01 1.59813269e-01 -3.07939836e+00
 8.50000000e-01 1.49710321e-01 1.49835122e-01 -3.07939836e+00
 8.60000000e-01 1.39738451e-01 1.39854938e-01 -3.07939836e+00
 8.70000000e-01 1.29764739e-01 1.29872912e-01 -3.07939836e+00
 8.80000000e-01 1.19789361e-01 1.19889219e-01 -3.07939836e+00
 8.90000000e-01 1.09812476e-01 1.09904017e-01 -3.07939836e+00
 9.00000000e-01 9.98342272e-02 9.99174501e-02 -3.07939836e+00
 9.10000000e-01 8.98547442e-02 8.99296481e-02 -3.07939836e+00
 9.20000000e-01 7.98741446e-02 7.99407285e-02 -3.07939836e+00
 9.30000000e-01 6.98925345e-02 6.99507977e-02 -3.07939836e+00
 9.40000000e-01 5.99100102e-02 5.99599519e-02 -3.07939836e+00
 9.50000000e-01 4.99266587e-02 4.99682781e-02 -3.07939836e+00
 9.60000000e-01 3.99425586e-02 3.99758552e-02 -3.07939836e+00
 9.70000000e-01 2.99577813e-02 2.99827544e-02 -3.07939836e+00
 9.80000000e-01 1.99723911e-02 1.99890403e-02 -3.07939836e+00
 9.90000000e-01 9.98644644e-03 9.99477125e-03 -3.07939836e+00
 1.00000000e+00 0.00000000e+00 0.00000000e+00 nan
