 0.00000000e+00 0.00000000e+00 0.00000000e+00 nan
 1.00000000e-03 8.95013707e-03 8.95021165e-03 -5.07918342e+00
 2.00000000e-03 1.78012691e-02 1.78014175e-02 -5.07918342e+00
 3.00000000e-03 2.65543814e-02 2.65546027e-02 -5.07918342e+00
 4.00000000e-03 3.52104490e-02 3.52107424e-02 -5.07918342e+00
 5.00000000e-03 4.37704377e-02 4.37708025e-02 -5.07918342e+00
 6.00000000e-03 5.22353035e-02 5.22357388e-02 -5.07918342e+00
 7.00000000e-03 6.06059928e-02 6.06064979e-02 -5.07918342e+00
 8.00000000e-03 6.88834428e-02 6.88840168e-02 -5.07918342e+00
 9.00000000e-03 7.70685811e-02 7.70692233e-02 -5.07918342e+00
 1.00000000e-02 8.51623263e-02 8.51630360e-02 -5.07918342e+00
 1.10000000e-02 9.31655877e-02 9.31663641e-02 -5.07918342e+00
 1.20000000e-02 1.01079266e-01 1.01080108e-01 -5.07918342e+00
 1.30000000e-02 1.08904252e-01 1.08905159e-01 -5.07918342e+00
 1.40000000e-02 1.16641428e-01 1.16642400e-01 -5.07918342e+00
 1.50000000e-02 1.24291669e-01 1.24292705e-01 -5.07918342e+00
 1.60000000e-02 1.31855839e-01 1.31856937e-01 -5.07918342e+00
 1.70000000e-02 1.39334794e-01 1.39335955e-01 -5.07918342e+00
 1.80000000e-02 1.46729383e-01 1.46730606e-01 -5.07918342e+00
 1.90000000e-02 1.54040445e-01 1.54041729e-01 -5.07918342e+00
 2.00000000e-02 1.61268811e-01 1.61270155e-01 -5.07918342e+00
 2.10000000e-02 1.68415304e-01 1.68416707e-01 -5.07918342e+00
 2.20000000e-02 1.75480738e-01 1.75482201e-01 -5.07918342e+00
 2.30000000e-02 1.82465921e-01 1.82467442e-01 -5.07918342e+00
 2.40000000e-02 1.89371650e-01 1.89373229e-01 -5.07918342e+00
 2.50000000e-02 1.96198717e-01 1.96200352e-01 -5.07918342e+00
 2.60000000e-02 2.02947903e-01 2.02949595e-01 -5.07918342e+00
 2.70000000e-02 2.09619985e-01 2.09621731e-01 -5.07918342e+00
 2.80000000e-02 2.16215728e-01 2.16217530e-01 -5.07918342e+00
 2.90000000e-02 2.22735893e-01 2.22737749e-01 -5.07918342e+00
 3.00000000e-02 2.29181231e-01 2.29183141e-01 -5.07918342e+00
 3.10000000e-02 2.35552488e-01 2.35554451e-01 -5.07918342e+00
 3.20000000e-02 2.41850400e-01 2.41852416e-01 -5.07918342e+00
 3.30000000e-02 2.48075697e-01 2.48077765e-01 -5.07918342e+00
 3.40000000e-02 2.54229102e-01 2.54231221e-01 -5.07918342e+00
 3.50000000e-02 2.60311330e-01 2.60313499e-01 -5.07918342e+00
 3.60000000e-02 2.66323089e-01 2.66325308e-01 -5.07918342e+00
 3.70000000e-02 2.72265080e-01 2.72267349e-01 -5.07918342e+00
 3.80000000e-02 2.78137998e-01 2.78140316e-01 -5.07918342e+00
 3.90000000e-02 2.83942530e-01 2.83944896e-01 -5.07918342e+00
 4.00000000e-02 2.89679356e-01 2.89681770e-01 -5.07918342e+00
 4.10000000e-02 2.95349150e-01 2.95351611e-01 -5.07918342e+00
 4.20000000e-02 3.00952579e-01 3.00955087e-01 -5.07918342e+00
 4.30000000e-02 3.06490303e-01 3.06492857e-01 -5.07918342e+00
 4.40000000e-02 3.11962977e-01 3.11965577e-01 -5.07918342e+00
 4.50000000e-02 3.17371247e-01 3.17373891e-01 -5.07918342e+00
 4.60000000e-02 3.22715754e-01 3.22718443e-01 -5.07918342e+00
 4.70000000e-02 3.27997132e-01 3.27999866e-01 -5.07918342e+00
 4.80000000e-02 3.33216011e-01 3.33218787e-01 -5.07918342e+00
 4.90000000e-02 3.38373011e-01 3.38375830e-01 -5.07918342e+00
 5.00000000e-02 3.43468748e-01 3.43471610e-01 -5.07918342e+00
 5.10000000e-02 3.48503832e-01 3.48506737e-01 -5.07918342e+00
 5.20000000e-02 3.53478867e-01 3.53481813e-01 -5.07918342e+00
 5.30000000e-02 3.58394450e-01 3.58397437e-01 -5.07918342e+00
 5.40000000e-02 3.63251172e-01 3.63254199e-01 -5.07918342e+00
 5.50000000e-02 3.68049620e-01 3.68052687e-01 -5.07918342e+00
 5.60000000e-02 3.72790372e-01 3.72793479e-01 -5.07918342e+00
 5.70000000e-02 3.77474003e-01 3.77477149e-01 -5.07918342e+00
 5.80000000e-02 3.82101082e-01 3.82104267e-01 -5.07918342e+00
 5.90000000e-02 3.86672172e-01 3.86675394e-01 -5.07918342e+00
 6.00000000e-02 3.91187828e-01 3.91191088e-01 -5.07918342e+00
 6.10000000e-02 3.95648603e-01 3.95651900e-01 -5.07918342e+00
 6.20000000e-02 4.00055043e-01 4.00058377e-01 -5.07918342e+00
 6.30000000e-02 4.04407689e-01 4.04411059e-01 -5.07918342e+00
 6.40000000e-02 4.08707076e-01 4.08710482e-01 -5.07918342e+00
 6.50000000e-02 4.12953733e-01 4.12957174e-01 -5.07918342e+00
 6.60000000e-02 4.17148186e-01 4.17151662e-01 -5.07918342e+00
 6.70000000e-02 4.21290953e-01 4.21294464e-01 -5.07918342e+00
 6.80000000e-02 4.25382550e-01 4.25386095e-01 -5.07918342e+00
 6.90000000e-02 4.29423485e-01 4.29427064e-01 -5.07918342e+00
 7.00000000e-02 4.33414262e-01 4.33417874e-01 -5.07918342e+00
 7.10000000e-02 4.37355381e-01 4.37359026e-01 -5.07918342e+00
 7.20000000e-02 4.41247336e-01 4.41251013e-01 -5.07918342e+00
 7.30000000e-02 4.45090615e-01 4.45094324e-01 -5.07918342e+00
 7.40000000e-02 4.48885703e-01 4.48889444e-01 -5.07918342e+00
 7.50000000e-02 4.52633080e-01 4.52636852e-01 -5.07918342e+00
 7.60000000e-02 4.56333221e-01 4.56337023e-01 -5.07918342e+00
 7.70000000e-02 4.59986594e-01 4.59990427e-01 -5.07918342e+00
 7.80000000e-02 4.63593667e-01 4.63597530e-01 -5.07918342e+00
 7.90000000e-02 4.67154898e-01 4.67158791e-01 -5.07918342e+00
 8.00000000e-02 4.70670746e-01 4.70674668e-01 -5.07918342e+00
 8.10000000e-02 4.74141660e-01 4.74145611e-01 -5.07918342e+00
 8.20000000e-02 4.77568089e-01 4.77572068e-01 -5.07918342e+00
 8.30000000e-02 4.80950474e-01 4.80954482e-01 -5.07918342e+00
 8.40000000e-02 4.84289254e-01 4.84293290e-01 -5.07918342e+00
 8.50000000e-02 4.87584864e-01 4.87588927e-01 -5.07918342e+00
 8.60000000e-02 4.90837732e-01 4.90841822e-01 -5.07918342e+00
 8.70000000e-02 4.94048283e-01 4.94052401e-01 -5.07918342e+00
 8.80000000e-02 4.97216940e-01 4.97221084e-01 -5.07918342e+00
 8.90000000e-02 5.00344118e-01 5.00348288e-01 -5.07918342e+00
 9.00000000e-02 5.03430231e-01 5.03434426e-01 -5.07918342e+00
 9.10000000e-02 5.06475687e-01 5.06479907e-01 -5.07918342e+00
 9.20000000e-02 5.09480890e-01 5.09485136e-01 -5.07918342e+00
 9.30000000e-02 5.12446241e-01 5.12450512e-01 -5.07918342e+00
 9.40000000e-02 5.15372137e-01 5.15376432e-01 -5.07918342e+00
 9.50000000e-02 5.18258971e-01 5.18263290e-01 -5.07918342e+00
 9.60000000e-02 5.21107130e-01 5.21111472e-01 -5.07918342e+00
 9.70000000e-02 5.23917000e-01 5.23921366e-01 -5.07918342e+00
 9.80000000e-02 5.26688961e-01 5.26693350e-01 -5.07918342e+00
 9.90000000e-02 5.29423392e-01 5.29427804e-01 -5.07918342e+00
 1.00000000e-01 5.32120664e-01 5.32125099e-01 -5.07918342e+00
 1.01000000e-01 5.34781149e-01 5.34785606e-01 -5.07918342e+00
 1.02000000e-01 5.37405212e-01 5.37409691e-01 -5.07918342e+00
 1.03000000e-01 5.39993216e-01 5.39997716e-01 -5.07918342e+00
 1.04000000e-01 5.42545518e-01 5.42550040e-01 -5.07918342e+00
 1.05000000e-01 5.45062476e-01 5.45067018e-01 -5.07918342e+00
 1.06000000e-01 5.47544439e-01 5.47549002e-01 -5.07918342e+00
 1.07000000e-01 5.49991757e-01 5.49996340e-01 -5.07918342e+00
 1.08000000e-01 5.52404774e-01 5.52409378e-01 -5.07918342e+00
 1.09000000e-01 5.54783832e-01 5.54788455e-01 -5.07918342e+00
 1.10000000e-01 5.57129268e-01 5.57133910e-01 -5.07918342e+00
 1.11000000e-01 5.59441416e-01 5.59446078e-01 -5.07918342e+00
 1.12000000e-01 5.61720609e-01 5.61725290e-01 -5.07918342e+00
 1.13000000e-01 5.63967174e-01 5.63971874e-01 -5.07918342e+00
 1.14000000e-01 5.66181436e-01 5.66186154e-01 -5.07918342e+00
 1.15000000e-01 5.68363715e-01 5.68368452e-01 -5.07918342e+00
 1.16000000e-01 5.70514331e-01 5.70519086e-01 -5.07918342e+00
 1.17000000e-01 5.72633599e-01 5.72638371e-01 -5.07918342e+00
 1.18000000e-01 5.74721829e-01 5.74726619e-01 -5.07918342e+00
 1.19000000e-01 5.76779332e-01 5.76784139e-01 -5.07918342e+00
 1.20000000e-01 5.78806413e-01 5.78811236e-01 -5.07918342e+00
 1.21000000e-01 5.80803374e-01 5.80808214e-01 -5.07918342e+00
 1.22000000e-01 5.82770515e-01 5.82775372e-01 -5.07918342e+00
 1.23000000e-01 5.84708134e-01 5.84713007e-01 -5.07918342e+00
 1.24000000e-01 5.86616523e-01 5.86621412e-01 -5.07918342e+00
 1.25000000e-01 5.88495974e-01 5.88500878e-01 -5.07918342e+00
 1.26000000e-01 5.90346774e-01 5.90351694e-01 -5.07918342e+00
 1.27000000e-01 5.92169209e-01 5.92174144e-01 -5.07918342e+00
 1.28000000e-01 5.93963561e-01 5.93968511e-01 -5.07918342e+00
 1.29000000e-01 5.95730109e-01 5.95735074e-01 -5.07918342e+00
 1.30000000e-01 5.97469130e-01 5.97474109e-01 -5.07918342e+00
 1.31000000e-01 5.99180898e-01 5.99185891e-01 -5.07918342e+00
 1.32000000e-01 6.00865684e-01 6.00870691e-01 -5.07918342e+00
 1.33000000e-01 6.02523756e-01 6.02528777e-01 -5.07918342e+00
 1.34000000e-01 6.04155380e-01 6.04160415e-01 -5.07918342e+00
 1.35000000e-01 6.05760820e-01 6.05765868e-01 -5.07918342e+00
 1.36000000e-01 6.07340336e-01 6.07345397e-01 -5.07918342e+00
 1.37000000e-01 6.08894186e-01 6.08899260e-01 -5.07918342e+00
 1.38000000e-01 6.10422625e-01 6.10427712e-01 -5.07918342e+00
 1.39000000e-01 6.11925907e-01 6.11931006e-01 -5.07918342e+00
 1.40000000e-01 6.13404280e-01 6.13409392e-01 -5.07918342e+00
 1.41000000e-01 6.14857994e-01 6.14863118e-01 -5.07918342e+00
 1.42000000e-01 6.16287294e-01 6.16292430e-01 -5.07918342e+00
 1.43000000e-01 6.17692422e-01 6.17697570e-01 -5.07918342e+00
 1.44000000e-01 6.19073620e-01 6.19078779e-01 -5.07918342e+00
 1.45000000e-01 6.20431125e-01 6.20436295e-01 -5.07918342e+00
 1.46000000e-01 6.21765172e-01 6.21770354e-01 -5.07918342e+00
 1.47000000e-01 6.23075996e-01 6.23081189e-01 -5.07918342e+00
 1.48000000e-01 6.24363828e-01 6.24369031e-01 -5.07918342e+00
 1.49000000e-01 6.25628895e-01 6.25634109e-01 -5.07918342e+00
 1.50000000e-01 6.26871426e-01 6.26876650e-01 -5.07918342e+00
 1.51000000e-01 6.28091643e-01 6.28096877e-01 -5.07918342e+00
 1.52000000e-01 6.29289770e-01 6.29295014e-01 -5.07918342e+00
 1.53000000e-01 6.30466025e-01 6.30471279e-01 -5.07918342e+00
 1.54000000e-01 6.31620627e-01 6.31625890e-01 -5.07918342e+00
 1.55000000e-01 6.32753790e-01 6.32759063e-01 -5.07918342e+00
 1.56000000e-01 6.33865729e-01 6.33871011e-01 -5.07918342e+00
 1.57000000e-01 6.34956654e-01 6.34961945e-01 -5.07918342e+00
 1.58000000e-01 6.36026775e-01 6.36032075e-01 -5.07918342e+00
 1.59000000e-01 6.37076298e-01 6.37081607e-01 -5.07918342e+00
 1.60000000e-01 6.38105428e-01 6.38110746e-01 -5.07918342e+00
 1.61000000e-01 6.39114369e-01 6.39119695e-01 -5.07918342e+00
 1.62000000e-01 6.40103321e-01 6.40108656e-01 -5.07918342e+00
 1.63000000e-01 6.41072484e-01 6.41077826e-01 -5.07918342e+00
 1.64000000e-01 6.42022053e-01 6.42027403e-01 -5.07918342e+00
 1.65000000e-01 6.42952224e-01 6.42957582e-01 -5.07918342e+00
 1.66000000e-01 6.43863191e-01 6.43868556e-01 -5.07918342e+00
 1.67000000e-01 6.44755143e-01 6.44760516e-01 -5.07918342e+00
 1.68000000e-01 6.45628271e-01 6.45633651e-01 -5.07918342e+00
 1.69000000e-01 6.46482761e-01 6.46488149e-01 -5.07918342e+00
 1.70000000e-01 6.47318800e-01 6.47324194e-01 -5.07918342e+00
 1.71000000e-01 6.48136570e-01 6.48141971e-01 -5.07918342e+00
 1.72000000e-01 6.48936253e-01 6.48941661e-01 -5.07918342e+00
 1.73000000e-01 6.49718030e-01 6.49723444e-01 -5.07918342e+00
 1.74000000e-01 6.50482078e-01 6.50487499e-01 -5.07918342e+00
 1.75000000e-01 6.51228575e-01 6.51234002e-01 -5.07918342e+00
 1.76000000e-01 6.51957694e-01 6.51963127e-01 -5.07918342e+00
 1.77000000e-01 6.52669608e-01 6.52675047e-01 -5.07918342e+00
 1.78000000e-01 6.53364489e-01 6.53369934e-01 -5.07918342e+00
 1.79000000e-01 6.54042507e-01 6.54047957e-01 -5.07918342e+00
 1.80000000e-01 6.54703828e-01 6.54709284e-01 -5.07918342e+00
 1.81000000e-01 6.55348619e-01 6.55354081e-01 -5.07918342e+00
 1.82000000e-01 6.55977045e-01 6.55982512e-01 -5.07918342e+00
 1.83000000e-01 6.56589269e-01 6.56594740e-01 -5.07918342e+00
 1.84000000e-01 6.57185451e-01 6.57190927e-01 -5.07918342e+00
 1.85000000e-01 6.57765751e-01 6.57771233e-01 -5.07918342e+00
 1.86000000e-01 6.58330328e-01 6.58335814e-01 -5.07918342e+00
 1.87000000e-01 6.58879337e-01 6.58884828e-01 -5.07918342e+00
 1.88000000e-01 6.59412934e-01 6.59418429e-01 -5.07918342e+00
 1.89000000e-01 6.59931272e-01 6.59936772e-01 -5.07918342e+00
 1.90000000e-01 6.60434503e-01 6.60440007e-01 -5.07918342e+00
 1.91000000e-01 6.60922777e-01 6.60928285e-01 -5.07918342e+00
 1.92000000e-01 6.61396243e-01 6.61401755e-01 -5.07918342e+00
 1.93000000e-01 6.61855048e-01 6.61860564e-01 -5.07918342e+00
 1.94000000e-01 6.62299339e-01 6.62304858e-01 -5.07918342e+00
 1.95000000e-01 6.62729259e-01 6.62734781e-01 -5.07918342e+00
 1.96000000e-01 6.63144951e-01 6.63150477e-01 -5.07918342e+00
 1.97000000e-01 6.63546558e-01 6.63552088e-01 -5.07918342e+00
 1.98000000e-01 6.63934219e-01 6.63939752e-01 -5.07918342e+00
 1.99000000e-01 6.64308073e-01 6.64313609e-01 -5.07918342e+00
 2.00000000e-01 6.64668258e-01 6.64673797e-01 -5.07918342e+00
 2.01000000e-01 6.65014909e-01 6.65020451e-01 -5.07918342e+00
 2.02000000e-01 6.65348161e-01 6.65353706e-01 -5.07918342e+00
 2.03000000e-01 6.65668148e-01 6.65673695e-01 -5.07918342e+00
 2.04000000e-01 6.65975001e-01 6.65980551e-01 -5.07918342e+00
 2.05000000e-01 6.66268851e-01 6.66274403e-01 -5.07918342e+00
 2.06000000e-01 6.66549828e-01 6.66555382e-01 -5.07918342e+00
 2.07000000e-01 6.66818059e-01 6.66823616e-01 -5.07918342e+00
 2.08000000e-01 6.67073672e-01 6.67079231e-01 -5.07918342e+00
 2.09000000e-01 6.67316792e-01 6.67322353e-01 -5.07918342e+00
 2.10000000e-01 6.67547543e-01 6.67553106e-01 -5.07918342e+00
 2.11000000e-01 6.67766048e-01 6.67771613e-01 -5.07918342e+00
 2.12000000e-01 6.67972430e-01 6.67977996e-01 -5.07918342e+00
 2.13000000e-01 6.68166808e-01 6.68172376e-01 -5.07918342e+00
 2.14000000e-01 6.68349303e-01 6.68354873e-01 -5.07918342e+00
 2.15000000e-01 6.68520032e-01 6.68525603e-01 -5.07918342e+00
 2.16000000e-01 6.68679113e-01 6.68684685e-01 -5.07918342e+00
 2.17000000e-01 6.68826661e-01 6.68832235e-01 -5.07918342e+00
 2.18000000e-01 6.68962792e-01 6.68968367e-01 -5.07918342e+00
 2.19000000e-01 6.69087618e-01 6.69093194e-01 -5.07918342e+00
 2.20000000e-01 6.69201253e-01 6.69206830e-01 -5.07918342e+00
 2.21000000e-01 6.69303807e-01 6.69309385e-01 -5.07918342e+00
 2.22000000e-01 6.69395392e-01 6.69400970e-01 -5.07918342e+00
 2.23000000e-01 6.69476115e-01 6.69481694e-01 -5.07918342e+00
 2.24000000e-01 6.69546086e-01 6.69551665e-01 -5.07918342e+00
 2.25000000e-01 6.69605410e-01 6.69610990e-01 -5.07918342e+00
 2.26000000e-01 6.69654195e-01 6.69659776e-01 -5.07918342e+00
 2.27000000e-01 6.69692545e-01 6.69698126e-01 -5.07918342e+00
 2.28000000e-01 6.69720563e-01 6.69726144e-01 -5.07918342e+00
 2.29000000e-01 6.69738354e-01 6.69743935e-01 -5.07918342e+00
 2.30000000e-01 6.69746017e-01 6.69751598e-01 -5.07918342e+00
 2.31000000e-01 6.69743655e-01 6.69749236e-01 -5.07918342e+00
 2.32000000e-01 6.69731366e-01 6.69736947e-01 -5.07918342e+00
 2.33000000e-01 6.69709250e-01 6.69714831e-01 -5.07918342e+00
 2.34000000e-01 6.69677405e-01 6.69682985e-01 -5.07918342e+00
 2.35000000e-01 6.69635926e-01 6.69641507e-01 -5.07918342e+00
 2.36000000e-01 6.69584911e-01 6.69590491e-01 -5.07918342e+00
 2.37000000e-01 6.69524454e-01 6.69530034e-01 -5.07918342e+00
 2.38000000e-01 6.69454649e-01 6.69460228e-01 -5.07918342e+00
 2.39000000e-01 6.69375589e-01 6.69381167e-01 -5.07918342e+00
 2.40000000e-01 6.69287365e-01 6.69292943e-01 -5.07918342e+00
 2.41000000e-01 6.69190070e-01 6.69195647e-01 -5.07918342e+00
 2.42000000e-01 6.69083794e-01 6.69089369e-01 -5.07918342e+00
 2.43000000e-01 6.68968625e-01 6.68974200e-01 -5.07918342e+00
 2.44000000e-01 6.68844652e-01 6.68850226e-01 -5.07918342e+00
 2.45000000e-01 6.68711964e-01 6.68717536e-01 -5.07918342e+00
 2.46000000e-01 6.68570646e-01 6.68576217e-01 -5.07918342e+00
 2.47000000e-01 6.68420785e-01 6.68426355e-01 -5.07918342e+00
 2.48000000e-01 6.68262465e-01 6.68268034e-01 -5.07918342e+00
 2.49000000e-01 6.68095771e-01 6.68101338e-01 -5.07918342e+00
 2.50000000e-01 6.67920785e-01 6.67926351e-01 -5.07918342e+00
 2.51000000e-01 6.67737592e-01 6.67743156e-01 -5.07918342e+00
 2.52000000e-01 6.67546271e-01 6.67551834e-01 -5.07918342e+00
 2.53000000e-01 6.67346905e-01 6.67352466e-01 -5.07918342e+00
 2.54000000e-01 6.67139572e-01 6.67145132e-01 -5.07918342e+00
 2.55000000e-01 6.66924353e-01 6.66929911e-01 -5.07918342e+00
 2.56000000e-01 6.66701326e-01 6.66706882e-01 -5.07918342e+00
 2.57000000e-01 6.66470568e-01 6.66476122e-01 -5.07918342e+00
 2.58000000e-01 6.66232157e-01 6.66237709e-01 -5.07918342e+00
 2.59000000e-01 6.65986169e-01 6.65991718e-01 -5.07918342e+00
 2.60000000e-01 6.65732678e-01 6.65738226e-01 -5.07918342e+00
 2.61000000e-01 6.65471760e-01 6.65477306e-01 -5.07918342e+00
 2.62000000e-01 6.65203489e-01 6.65209032e-01 -5.07918342e+00
 2.63000000e-01 6.64927937e-01 6.64933478e-01 -5.07918342e+00
 2.64000000e-01 6.64645177e-01 6.64650716e-01 -5.07918342e+00
 2.65000000e-01 6.64355282e-01 6.64360818e-01 -5.07918342e+00
 2.66000000e-01 6.64058321e-01 6.64063855e-01 -5.07918342e+00
 2.67000000e-01 6.63754365e-01 6.63759896e-01 -5.07918342e+00
 2.68000000e-01 6.63443484e-01 6.63449013e-01 -5.07918342e+00
 2.69000000e-01 6.63125747e-01 6.63131273e-01 -5.07918342e+00
 2.70000000e-01 6.62801222e-01 6.62806745e-01 -5.07918342e+00
 2.71000000e-01 6.62469976e-01 6.62475497e-01 -5.07918342e+00
 2.72000000e-01 6.62132077e-01 6.62137594e-01 -5.07918342e+00
 2.73000000e-01 6.61787590e-01 6.61793105e-01 -5.07918342e+00
 2.74000000e-01 6.61436581e-01 6.61442093e-01 -5.07918342e+00
 2.75000000e-01 6.61079115e-01 6.61084624e-01 -5.07918342e+00
 2.76000000e-01 6.60715256e-01 6.60720762e-01 -5.07918342e+00
 2.77000000e-01 6.60345068e-01 6.60350571e-01 -5.07918342e+00
 2.78000000e-01 6.59968614e-01 6.59974114e-01 -5.07918342e+00
 2.79000000e-01 6.59585956e-01 6.59591453e-01 -5.07918342e+00
 2.80000000e-01 6.59197156e-01 6.59202649e-01 -5.07918342e+00
 2.81000000e-01 6.58802275e-01 6.58807765e-01 -5.07918342e+00
 2.82000000e-01 6.58401373e-01 6.58406860e-01 -5.07918342e+00
 2.83000000e-01 6.57994511e-01 6.57999995e-01 -5.07918342e+00
 2.84000000e-01 6.57581748e-01 6.57587228e-01 -5.07918342e+00
 2.85000000e-01 6.57163142e-01 6.57168618e-01 -5.07918342e+00
 2.86000000e-01 6.56738751e-01 6.56744224e-01 -5.07918342e+00
 2.87000000e-01 6.56308634e-01 6.56314103e-01 -5.07918342e+00
 2.88000000e-01 6.55872847e-01 6.55878312e-01 -5.07918342e+00
 2.89000000e-01 6.55431446e-01 6.55436908e-01 -5.07918342e+00
 2.90000000e-01 6.54984488e-01 6.54989946e-01 -5.07918342e+00
 2.91000000e-01 6.54532027e-01 6.54537482e-01 -5.07918342e+00
 2.92000000e-01 6.54074119e-01 6.54079569e-01 -5.07918342e+00
 2.93000000e-01 6.53610817e-01 6.53616264e-01 -5.07918342e+00
 2.94000000e-01 6.53142176e-01 6.53147619e-01 -5.07918342e+00
 2.95000000e-01 6.52668248e-01 6.52673687e-01 -5.07918342e+00
 2.96000000e-01 6.52189086e-01 6.52194521e-01 -5.07918342e+00
 2.97000000e-01 6.51704743e-01 6.51710173e-01 -5.07918342e+00
 2.98000000e-01 6.51215269e-01 6.51220695e-01 -5.07918342e+00
 2.99000000e-01 6.50720715e-01 6.50726138e-01 -5.07918342e+00
 3.00000000e-01 6.50221133e-01 6.50226552e-01 -5.07918342e+00
 3.01000000e-01 6.49716572e-01 6.49721987e-01 -5.07918342e+00
 3.02000000e-01 6.49207082e-01 6.49212492e-01 -5.07918342e+00
 3.03000000e-01 6.48692712e-01 6.48698118e-01 -5.07918342e+00
 3.04000000e-01 6.48173511e-01 6.48178912e-01 -5.07918342e+00
 3.05000000e-01 6.47649525e-01 6.47654923e-01 -5.07918342e+00
 3.06000000e-01 6.47120804e-01 6.47126197e-01 -5.07918342e+00
 3.07000000e-01 6.46587395e-01 6.46592783e-01 -5.07918342e+00
 3.08000000e-01 6.46049343e-01 6.46054727e-01 -5.07918342e+00
 3.09000000e-01 6.45506695e-01 6.45512074e-01 -5.07918342e+00
 3.10000000e-01 6.44959497e-01 6.44964872e-01 -5.07918342e+00
 3.11000000e-01 6.44407794e-01 6.44413164e-01 -5.07918342e+00
 3.12000000e-01 6.43851631e-01 6.43856996e-01 -5.07918342e+00
 3.13000000e-01 6.43291052e-01 6.43296413e-01 -5.07918342e+00
 3.14000000e-01 6.42726102e-01 6.42731458e-01 -5.07918342e+00
 3.15000000e-01 6.42156823e-01 6.42162174e-01 -5.07918342e+00
 3.16000000e-01 6.41583259e-01 6.41588605e-01 -5.07918342e+00
 3.17000000e-01 6.41005452e-01 6.41010794e-01 -5.07918342e+00
 3.18000000e-01 6.40423445e-01 6.40428782e-01 -5.07918342e+00
 3.19000000e-01 6.39837280e-01 6.39842612e-01 -5.07918342e+00
 3.20000000e-01 6.39246997e-01 6.39252324e-01 -5.07918342e+00
 3.21000000e-01 6.38652638e-01 6.38657960e-01 -5.07918342e+00
 3.22000000e-01 6.38054243e-01 6.38059561e-01 -5.07918342e+00
 3.23000000e-01 6.37451853e-01 6.37457165e-01 -5.07918342e+00
 3.24000000e-01 6.36845507e-01 6.36850814e-01 -5.07918342e+00
 3.25000000e-01 6.36235245e-01 6.36240547e-01 -5.07918342e+00
 3.26000000e-01 6.35621105e-01 6.35626402e-01 -5.07918342e+00
 3.27000000e-01 6.35003127e-01 6.35008419e-01 -5.07918342e+00
 3.28000000e-01 6.34381348e-01 6.34386634e-01 -5.07918342e+00
 3.29000000e-01 6.33755806e-01 6.33761087e-01 -5.07918342e+00
 3.30000000e-01 6.33126539e-01 6.33131815e-01 -5.07918342e+00
 3.31000000e-01 6.32493583e-01 6.32498854e-01 -5.07918342e+00
 3.32000000e-01 6.31856976e-01 6.31862241e-01 -5.07918342e+00
 3.33000000e-01 6.31216753e-01 6.31222013e-01 -5.07918342e+00
 3.34000000e-01 6.30572951e-01 6.30578206e-01 -5.07918342e+00
 3.35000000e-01 6.29925605e-01 6.29930855e-01 -5.07918342e+00
 3.36000000e-01 6.29274751e-01 6.29279995e-01 -5.07918342e+00
 3.37000000e-01 6.28620424e-01 6.28625662e-01 -5.07918342e+00
 3.38000000e-01 6.27962657e-01 6.27967890e-01 -5.07918342e+00
 3.39000000e-01 6.27301486e-01 6.27306714e-01 -5.07918342e+00
 3.40000000e-01 6.26636944e-01 6.26642166e-01 -5.07918342e+00
 3.41000000e-01 6.25969065e-01 6.25974281e-01 -5.07918342e+00
 3.42000000e-01 6.25297881e-01 6.25303092e-01 -5.07918342e+00
 3.43000000e-01 6.24623426e-01 6.24628631e-01 -5.07918342e+00
 3.44000000e-01 6.23945733e-01 6.23950932e-01 -5.07918342e+00
 3.45000000e-01 6.23264833e-01 6.23270027e-01 -5.07918342e+00
 3.46000000e-01 6.22580758e-01 6.22585946e-01 -5.07918342e+00
 3.47000000e-01 6.21893541e-01 6.21898723e-01 -5.07918342e+00
 3.48000000e-01 6.21203211e-01 6.21208388e-01 -5.07918342e+00
 3.49000000e-01 6.20509801e-01 6.20514972e-01 -5.07918342e+00
 3.50000000e-01 6.19813341e-01 6.19818507e-01 -5.07918342e+00
 3.51000000e-01 6.19113862e-01 6.19119021e-01 -5.07918342e+00
 3.52000000e-01 6.18411392e-01 6.18416546e-01 -5.07918342e+00
 3.53000000e-01 6.17705963e-01 6.17711110e-01 -5.07918342e+00
 3.54000000e-01 6.16997603e-01 6.17002744e-01 -5.07918342e+00
 3.55000000e-01 6.16286342e-01 6.16291477e-01 -5.07918342e+00
 3.56000000e-01 6.15572208e-01 6.15577338e-01 -5.07918342e+00
 3.57000000e-01 6.14855230e-01 6.14860354e-01 -5.07918342e+00
 3.58000000e-01 6.14135437e-01 6.14140555e-01 -5.07918342e+00
 3.59000000e-01 6.13412856e-01 6.13417968e-01 -5.07918342e+00
 3.60000000e-01 6.12687516e-01 6.12692622e-01 -5.07918342e+00
 3.61000000e-01 6.11959443e-01 6.11964543e-01 -5.07918342e+00
 3.62000000e-01 6.11228665e-01 6.11233758e-01 -5.07918342e+00
 3.63000000e-01 6.10495208e-01 6.10500296e-01 -5.07918342e+00
 3.64000000e-01 6.09759100e-01 6.09764182e-01 -5.07918342e+00
 3.65000000e-01 6.09020367e-01 6.09025442e-01 -5.07918342e+00
 3.66000000e-01 6.08279035e-01 6.08284104e-01 -5.07918342e+00
 3.67000000e-01 6.07535129e-01 6.07540192e-01 -5.07918342e+00
 3.68000000e-01 6.06788676e-01 6.06793732e-01 -5.07918342e+00
 3.69000000e-01 6.06039700e-01 6.06044751e-01 -5.07918342e+00
 3.70000000e-01 6.05288227e-01 6.05293272e-01 -5.07918342e+00
 3.71000000e-01 6.04534282e-01 6.04539320e-01 -5.07918342e+00
 3.72000000e-01 6.03777889e-01 6.03782921e-01 -5.07918342e+00
 3.73000000e-01 6.03019073e-01 6.03024098e-01 -5.07918342e+00
 3.74000000e-01 6.02257858e-01 6.02262876e-01 -5.07918342e+00
 3.75000000e-01 6.01494267e-01 6.01499279e-01 -5.07918342e+00
 3.76000000e-01 6.00728324e-01 6.00733330e-01 -5.07918342e+00
 3.77000000e-01 5.99960053e-01 5.99965052e-01 -5.07918342e+00
 3.78000000e-01 5.99189476e-01 5.99194470e-01 -5.07918342e+00
 3.79000000e-01 5.98416618e-01 5.98421605e-01 -5.07918342e+00
 3.80000000e-01 5.97641500e-01 5.97646480e-01 -5.07918342e+00
 3.81000000e-01 5.96864145e-01 5.96869118e-01 -5.07918342e+00
 3.82000000e-01 5.96084574e-01 5.96089542e-01 -5.07918342e+00
 3.83000000e-01 5.95302812e-01 5.95307773e-01 -5.07918342e+00
 3.84000000e-01 5.94518878e-01 5.94523832e-01 -5.07918342e+00
 3.85000000e-01 5.93732795e-01 5.93737743e-01 -5.07918342e+00
 3.86000000e-01 5.92944584e-01 5.92949525e-01 -5.07918342e+00
 3.87000000e-01 5.92154266e-01 5.92159200e-01 -5.07918342e+00
 3.88000000e-01 5.91361862e-01 5.91366790e-01 -5.07918342e+00
 3.89000000e-01 5.90567393e-01 5.90572315e-01 -5.07918342e+00
 3.90000000e-01 5.89770880e-01 5.89775795e-01 -5.07918342e+00
 3.91000000e-01 5.88972342e-01 5.88977250e-01 -5.07918342e+00
 3.92000000e-01 5.88171801e-01 5.88176702e-01 -5.07918342e+00
 3.93000000e-01 5.87369275e-01 5.87374170e-01 -5.07918342e+00
 3.94000000e-01 5.86564785e-01 5.86569673e-01 -5.07918342e+00
 3.95000000e-01 5.85758350e-01 5.85763231e-01 -5.07918342e+00
 3.96000000e-01 5.84949989e-01 5.84954864e-01 -5.07918342e+00
 3.97000000e-01 5.84139723e-01 5.84144591e-01 -5.07918342e+00
 3.98000000e-01 5.83327569e-01 5.83332430e-01 -5.07918342e+00
 3.99000000e-01 5.82513546e-01 5.82518400e-01 -5.07918342e+00
 4.00000000e-01 5.81697674e-01 5.81702521e-01 -5.07918342e+00
 4.01000000e-01 5.80879969e-01 5.80884810e-01 -5.07918342e+00
 4.02000000e-01 5.80060452e-01 5.80065286e-01 -5.07918342e+00
 4.03000000e-01 5.79239139e-01 5.79243966e-01 -5.07918342e+00
 4.04000000e-01 5.78416049e-01 5.78420869e-01 -5.07918342e+00
 4.05000000e-01 5.77591199e-01 5.77596012e-01 -5.07918342e+00
 4.06000000e-01 5.76764607e-01 5.76769413e-01 -5.07918342e+00
 4.07000000e-01 5.75936290e-01 5.75941089e-01 -5.07918342e+00
 4.08000000e-01 5.75106265e-01 5.75111058e-01 -5.07918342e+00
 4.09000000e-01 5.74274549e-01 5.74279335e-01 -5.07918342e+00
 4.10000000e-01 5.73441160e-01 5.73445939e-01 -5.07918342e+00
 4.11000000e-01 5.72606113e-01 5.72610885e-01 -5.07918342e+00
 4.12000000e-01 5.71769426e-01 5.71774190e-01 -5.07918342e+00
 4.13000000e-01 5.70931114e-01 5.70935871e-01 -5.07918342e+00
 4.14000000e-01 5.70091193e-01 5.70095944e-01 -5.07918342e+00
 4.15000000e-01 5.69249681e-01 5.69254424e-01 -5.07918342e+00
 4.16000000e-01 5.68406592e-01 5.68411328e-01 -5.07918342e+00
 4.17000000e-01 5.67561942e-01 5.67566672e-01 -5.07918342e+00
 4.18000000e-01 5.66715747e-01 5.66720470e-01 -5.07918342e+00
 4.19000000e-01 5.65868022e-01 5.65872738e-01 -5.07918342e+00
 4.20000000e-01 5.65018783e-01 5.65023491e-01 -5.07918342e+00
 4.21000000e-01 5.64168044e-01 5.64172745e-01 -5.07918342e+00
 4.22000000e-01 5.63315820e-01 5.63320514e-01 -5.07918342e+00
 4.23000000e-01 5.62462126e-01 5.62466814e-01 -5.07918342e+00
 4.24000000e-01 5.61606978e-01 5.61611658e-01 -5.07918342e+00
 4.25000000e-01 5.60750388e-01 5.60755061e-01 -5.07918342e+00
 4.26000000e-01 5.59892372e-01 5.59897038e-01 -5.07918342e+00
 4.27000000e-01 5.59032944e-01 5.59037603e-01 -5.07918342e+00
 4.28000000e-01 5.58172118e-01 5.58176769e-01 -5.07918342e+00
 4.29000000e-01 5.57309907e-01 5.57314551e-01 -5.07918342e+00
 4.30000000e-01 5.56446326e-01 5.56450963e-01 -5.07918342e+00
 4.31000000e-01 5.55581388e-01 5.55586018e-01 -5.07918342e+00
 4.32000000e-01 5.54715107e-01 5.54719729e-01 -5.07918342e+00
 4.33000000e-01 5.53847495e-01 5.53852111e-01 -5.07918342e+00
 4.34000000e-01 5.52978567e-01 5.52983175e-01 -5.07918342e+00
 4.35000000e-01 5.52108335e-01 5.52112936e-01 -5.07918342e+00
 4.36000000e-01 5.51236813e-01 5.51241407e-01 -5.07918342e+00
 4.37000000e-01 5.50364013e-01 5.50368599e-01 -5.07918342e+00
 4.38000000e-01 5.49489947e-01 5.49494527e-01 -5.07918342e+00
 4.39000000e-01 5.48614630e-01 5.48619201e-01 -5.07918342e+00
 4.40000000e-01 5.47738072e-01 5.47742636e-01 -5.07918342e+00
 4.41000000e-01 5.46860286e-01 5.46864843e-01 -5.07918342e+00
 4.42000000e-01 5.45981285e-01 5.45985834e-01 -5.07918342e+00
 4.43000000e-01 5.45101080e-01 5.45105622e-01 -5.07918342e+00
 4.44000000e-01 5.44219684e-01 5.44224219e-01 -5.07918342e+00
 4.45000000e-01 5.43337108e-01 5.43341636e-01 -5.07918342e+00
 4.46000000e-01 5.42453365e-01 5.42457885e-01 -5.07918342e+00
 4.47000000e-01 5.41568465e-01 5.41572978e-01 -5.07918342e+00
 4.48000000e-01 5.40682420e-01 5.40686926e-01 -5.07918342e+00
 4.49000000e-01 5.39795242e-01 5.39799741e-01 -5.07918342e+00
 4.50000000e-01 5.38906943e-01 5.38911433e-01 -5.07918342e+00
 4.51000000e-01 5.38017532e-01 5.38022015e-01 -5.07918342e+00
 4.52000000e-01 5.37127021e-01 5.37131497e-01 -5.07918342e+00
 4.53000000e-01 5.36235421e-01 5.36239890e-01 -5.07918342e+00
 4.54000000e-01 5.35342744e-01 5.35347205e-01 -5.07918342e+00
 4.55000000e-01 5.34448999e-01 5.34453453e-01 -5.07918342e+00
 4.56000000e-01 5.33554197e-01 5.33558643e-01 -5.07918342e+00
 4.57000000e-01 5.32658349e-01 5.32662788e-01 -5.07918342e+00
 4.58000000e-01 5.31761466e-01 5.31765897e-01 -5.07918342e+00
 4.59000000e-01 5.30863556e-01 5.30867980e-01 -5.07918342e+00
 4.60000000e-01 5.29964632e-01 5.29969048e-01 -5.07918342e+00
 4.61000000e-01 5.29064702e-01 5.29069111e-01 -5.07918342e+00
 4.62000000e-01 5.28163777e-01 5.28168179e-01 -5.07918342e+00
 4.63000000e-01 5.27261867e-01 5.27266261e-01 -5.07918342e+00
 4.64000000e-01 5.26358982e-01 5.26363368e-01 -5.07918342e+00
 4.65000000e-01 5.25455130e-01 5.25459509e-01 -5.07918342e+00
 4.66000000e-01 5.24550323e-01 5.24554694e-01 -5.07918342e+00
 4.67000000e-01 5.23644569e-01 5.23648932e-01 -5.07918342e+00
 4.68000000e-01 5.22737877e-01 5.22742233e-01 -5.07918342e+00
 4.69000000e-01 5.21830258e-01 5.21834606e-01 -5.07918342e+00
 4.70000000e-01 5.20921720e-01 5.20926061e-01 -5.07918342e+00
 4.71000000e-01 5.20012272e-01 5.20016606e-01 -5.07918342e+00
 4.72000000e-01 5.19101924e-01 5.19106250e-01 -5.07918342e+00
 4.73000000e-01 5.18190685e-01 5.18195003e-01 -5.07918342e+00
 4.74000000e-01 5.17278563e-01 5.17282873e-01 -5.07918342e+00
 4.75000000e-01 5.16365567e-01 5.16369870e-01 -5.07918342e+00
 4.76000000e-01 5.15451706e-01 5.15456001e-01 -5.07918342e+00
 4.77000000e-01 5.14536988e-01 5.14541276e-01 -5.07918342e+00
 4.78000000e-01 5.13621422e-01 5.13625702e-01 -5.07918342e+00
 4.79000000e-01 5.12705017e-01 5.12709289e-01 -5.07918342e+00
 4.80000000e-01 5.11787780e-01 5.11792045e-01 -5.07918342e+00
 4.81000000e-01 5.10869720e-01 5.10873978e-01 -5.07918342e+00
 4.82000000e-01 5.09950846e-01 5.09955096e-01 -5.07918342e+00
 4.83000000e-01 5.09031165e-01 5.09035407e-01 -5.07918342e+00
 4.84000000e-01 5.08110685e-01 5.08114920e-01 -5.07918342e+00
 4.85000000e-01 5.07189415e-01 5.07193641e-01 -5.07918342e+00
 4.86000000e-01 5.06267362e-01 5.06271580e-01 -5.07918342e+00
 4.87000000e-01 5.05344533e-01 5.05348744e-01 -5.07918342e+00
 4.88000000e-01 5.04420938e-01 5.04425141e-01 -5.07918342e+00
 4.89000000e-01 5.03496582e-01 5.03500778e-01 -5.07918342e+00
 4.90000000e-01 5.02571475e-01 5.02575663e-01 -5.07918342e+00
 4.91000000e-01 5.01645623e-01 5.01649803e-01 -5.07918342e+00
 4.92000000e-01 5.00719033e-01 5.00723206e-01 -5.07918342e+00
 4.93000000e-01 4.99791714e-01 4.99795879e-01 -5.07918342e+00
 4.94000000e-01 4.98863672e-01 4.98867829e-01 -5.07918342e+00
 4.95000000e-01 4.97934915e-01 4.97939064e-01 -5.07918342e+00
 4.96000000e-01 4.97005449e-01 4.97009591e-01 -5.07918342e+00
 4.97000000e-01 4.96075282e-01 4.96079416e-01 -5.07918342e+00
 4.98000000e-01 4.95144420e-01 4.95148547e-01 -5.07918342e+00
 4.99000000e-01 4.94212872e-01 4.94216990e-01 -5.07918342e+00
 5.00000000e-01 4.93280642e-01 4.93284753e-01 -5.07918342e+00
 5.01000000e-01 4.92347739e-01 4.92351842e-01 -5.07918342e+00
 5.02000000e-01 4.91414169e-01 4.91418264e-01 -5.07918342e+00
 5.03000000e-01 4.90479938e-01 4.90484026e-01 -5.07918342e+00
 5.04000000e-01 4.89545054e-01 4.89549133e-01 -5.07918342e+00
 5.05000000e-01 4.88609522e-01 4.88613594e-01 -5.07918342e+00
 5.06000000e-01 4.87673349e-01 4.87677413e-01 -5.07918342e+00
 5.07000000e-01 4.86736541e-01 4.86740598e-01 -5.07918342e+00
 5.08000000e-01 4.85799106e-01 4.85803154e-01 -5.07918342e+00
 5.09000000e-01 4.84861048e-01 4.84865089e-01 -5.07918342e+00
 5.10000000e-01 4.83922375e-01 4.83926407e-01 -5.07918342e+00
 5.11000000e-01 4.82983092e-01 4.82987116e-01 -5.07918342e+00
 5.12000000e-01 4.82043205e-01 4.82047222e-01 -5.07918342e+00
 5.13000000e-01 4.81102720e-01 4.81106730e-01 -5.07918342e+00
 5.14000000e-01 4.80161644e-01 4.80165646e-01 -5.07918342e+00
 5.15000000e-01 4.79219983e-01 4.79223976e-01 -5.07918342e+00
 5.16000000e-01 4.78277741e-01 4.78281727e-01 -5.07918342e+00
 5.17000000e-01 4.77334925e-01 4.77338903e-01 -5.07918342e+00
 5.18000000e-01 4.76391541e-01 4.76395511e-01 -5.07918342e+00
 5.19000000e-01 4.75447594e-01 4.75451556e-01 -5.07918342e+00
 5.20000000e-01 4.74503089e-01 4.74507044e-01 -5.07918342e+00
 5.21000000e-01 4.73558033e-01 4.73561980e-01 -5.07918342e+00
 5.22000000e-01 4.72612431e-01 4.72616370e-01 -5.07918342e+00
 5.23000000e-01 4.71666288e-01 4.71670219e-01 -5.07918342e+00
 5.24000000e-01 4.70719610e-01 4.70723533e-01 -5.07918342e+00
 5.25000000e-01 4.69772402e-01 4.69776317e-01 -5.07918342e+00
 5.26000000e-01 4.68824669e-01 4.68828576e-01 -5.07918342e+00
 5.27000000e-01 4.67876416e-01 4.67880315e-01 -5.07918342e+00
 5.28000000e-01 4.66927649e-01 4.66931540e-01 -5.07918342e+00
 5.29000000e-01 4.65978373e-01 4.65982256e-01 -5.07918342e+00
 5.30000000e-01 4.65028593e-01 4.65032468e-01 -5.07918342e+00
 5.31000000e-01 4.64078313e-01 4.64082181e-01 -5.07918342e+00
 5.32000000e-01 4.63127540e-01 4.63131399e-01 -5.07918342e+00
 5.33000000e-01 4.62176277e-01 4.62180128e-01 -5.07918342e+00
 5.34000000e-01 4.61224529e-01 4.61228373e-01 -5.07918342e+00
 5.35000000e-01 4.60272302e-01 4.60276138e-01 -5.07918342e+00
 5.36000000e-01 4.59319601e-01 4.59323428e-01 -5.07918342e+00
 5.37000000e-01 4.58366429e-01 4.58370248e-01 -5.07918342e+00
 5.38000000e-01 4.57412791e-01 4.57416603e-01 -5.07918342e+00
 5.39000000e-01 4.56458693e-01 4.56462497e-01 -5.07918342e+00
 5.40000000e-01 4.55504139e-01 4.55507935e-01 -5.07918342e+00
 5.41000000e-01 4.54549133e-01 4.54552921e-01 -5.07918342e+00
 5.42000000e-01 4.53593680e-01 4.53597460e-01 -5.07918342e+00
 5.43000000e-01 4.52637784e-01 4.52641556e-01 -5.07918342e+00
 5.44000000e-01 4.51681450e-01 4.51685214e-01 -5.07918342e+00
 5.45000000e-01 4.50724682e-01 4.50728438e-01 -5.07918342e+00
 5.46000000e-01 4.49767485e-01 4.49771233e-01 -5.07918342e+00
 5.47000000e-01 4.48809862e-01 4.48813602e-01 -5.07918342e+00
 5.48000000e-01 4.47851817e-01 4.47855549e-01 -5.07918342e+00
 5.49000000e-01 4.46893356e-01 4.46897080e-01 -5.07918342e+00
 5.50000000e-01 4.45934482e-01 4.45938199e-01 -5.07918342e+00
 5.51000000e-01 4.44975200e-01 4.44978908e-01 -5.07918342e+00
 5.52000000e-01 4.44015513e-01 4.44019213e-01 -5.07918342e+00
 5.53000000e-01 4.43055425e-01 4.43059117e-01 -5.07918342e+00
 5.54000000e-01 4.42094941e-01 4.42098625e-01 -5.07918342e+00
 5.55000000e-01 4.41134064e-01 4.41137740e-01 -5.07918342e+00
 5.56000000e-01 4.40172798e-01 4.40176466e-01 -5.07918342e+00
 5.57000000e-01 4.39211147e-01 4.39214807e-01 -5.07918342e+00
 5.58000000e-01 4.38249116e-01 4.38252768e-01 -5.07918342e+00
 5.59000000e-01 4.37286707e-01 4.37290351e-01 -5.07918342e+00
 5.60000000e-01 4.36323924e-01 4.36327560e-01 -5.07918342e+00
 5.61000000e-01 4.35360772e-01 4.35364400e-01 -5.07918342e+00
 5.62000000e-01 4.34397254e-01 4.34400874e-01 -5.07918342e+00
 5.63000000e-01 4.33433373e-01 4.33436985e-01 -5.07918342e+00
 5.64000000e-01 4.32469133e-01 4.32472737e-01 -5.07918342e+00
 5.65000000e-01 4.31504538e-01 4.31508134e-01 -5.07918342e+00
 5.66000000e-01 4.30539592e-01 4.30543179e-01 -5.07918342e+00
 5.67000000e-01 4.29574297e-01 4.29577876e-01 -5.07918342e+00
 5.68000000e-01 4.28608657e-01 4.28612229e-01 -5.07918342e+00
 5.69000000e-01 4.27642676e-01 4.27646240e-01 -5.07918342e+00
 5.70000000e-01 4.26676357e-01 4.26679913e-01 -5.07918342e+00
 5.71000000e-01 4.25709703e-01 4.25713251e-01 -5.07918342e+00
 5.72000000e-01 4.24742718e-01 4.24746258e-01 -5.07918342e+00
 5.73000000e-01 4.23775405e-01 4.23778937e-01 -5.07918342e+00
 5.74000000e-01 4.22807768e-01 4.22811291e-01 -5.07918342e+00
 5.75000000e-01 4.21839809e-01 4.21843324e-01 -5.07918342e+00
 5.76000000e-01 4.20871531e-01 4.20875039e-01 -5.07918342e+00
 5.77000000e-01 4.19902939e-01 4.19906438e-01 -5.07918342e+00
 5.78000000e-01 4.18934035e-01 4.18937526e-01 -5.07918342e+00
 5.79000000e-01 4.17964821e-01 4.17968304e-01 -5.07918342e+00
 5.80000000e-01 4.16995302e-01 4.16998777e-01 -5.07918342e+00
 5.81000000e-01 4.16025480e-01 4.16028947e-01 -5.07918342e+00
 5.82000000e-01 4.15055359e-01 4.15058818e-01 -5.07918342e+00
 5.83000000e-01 4.14084940e-01 4.14088391e-01 -5.07918342e+00
 5.84000000e-01 4.13114228e-01 4.13117671e-01 -5.07918342e+00
 5.85000000e-01 4.12143225e-01 4.12146660e-01 -5.07918342e+00
 5.86000000e-01 4.11171934e-01 4.11175361e-01 -5.07918342e+00
 5.87000000e-01 4.10200358e-01 4.10203776e-01 -5.07918342e+00
 5.88000000e-01 4.09228500e-01 4.09231910e-01 -5.07918342e+00
 5.89000000e-01 4.08256362e-01 4.08259764e-01 -5.07918342e+00
 5.90000000e-01 4.07283947e-01 4.07287341e-01 -5.07918342e+00
 5.91000000e-01 4.06311259e-01 4.06314644e-01 -5.07918342e+00
 5.92000000e-01 4.05338299e-01 4.05341677e-01 -5.07918342e+00
 5.93000000e-01 4.04365070e-01 4.04368440e-01 -5.07918342e+00
 5.94000000e-01 4.03391576e-01 4.03394938e-01 -5.07918342e+00
 5.95000000e-01 4.02417819e-01 4.02421172e-01 -5.07918342e+00
 5.96000000e-01 4.01443801e-01 4.01447146e-01 -5.07918342e+00
 5.97000000e-01 4.00469525e-01 4.00472862e-01 -5.07918342e+00
 5.98000000e-01 3.99494994e-01 3.99498323e-01 -5.07918342e+00
 5.99000000e-01 3.98520209e-01 3.98523531e-01 -5.07918342e+00
 6.00000000e-01 3.97545175e-01 3.97548488e-01 -5.07918342e+00
 6.01000000e-01 3.96569892e-01 3.96573197e-01 -5.07918342e+00
 6.02000000e-01 3.95594365e-01 3.95597661e-01 -5.07918342e+00
 6.03000000e-01 3.94618594e-01 3.94621882e-01 -5.07918342e+00
 6.04000000e-01 3.93642582e-01 3.93645863e-01 -5.07918342e+00
 6.05000000e-01 3.92666333e-01 3.92669605e-01 -5.07918342e+00
 6.06000000e-01 3.91689847e-01 3.91693111e-01 -5.07918342e+00
 6.07000000e-01 3.90713129e-01 3.90716385e-01 -5.07918342e+00
 6.08000000e-01 3.89736179e-01 3.89739427e-01 -5.07918342e+00
 6.09000000e-01 3.88759000e-01 3.88762240e-01 -5.07918342e+00
 6.10000000e-01 3.87781595e-01 3.87784826e-01 -5.07918342e+00
 6.11000000e-01 3.86803965e-01 3.86807189e-01 -5.07918342e+00
 6.12000000e-01 3.85826114e-01 3.85829329e-01 -5.07918342e+00
 6.13000000e-01 3.84848042e-01 3.84851249e-01 -5.07918342e+00
 6.14000000e-01 3.83869753e-01 3.83872952e-01 -5.07918342e+00
 6.15000000e-01 3.82891248e-01 3.82894439e-01 -5.07918342e+00
 6.16000000e-01 3.81912530e-01 3.81915713e-01 -5.07918342e+00
 6.17000000e-01 3.80933601e-01 3.80936776e-01 -5.07918342e+00
 6.18000000e-01 3.79954463e-01 3.79957629e-01 -5.07918342e+00
 6.19000000e-01 3.78975118e-01 3.78978276e-01 -5.07918342e+00
 6.20000000e-01 3.77995567e-01 3.77998717e-01 -5.07918342e+00
 6.21000000e-01 3.77015814e-01 3.77018956e-01 -5.07918342e+00
 6.22000000e-01 3.76035860e-01 3.76038994e-01 -5.07918342e+00
 6.23000000e-01 3.75055707e-01 3.75058832e-01 -5.07918342e+00
 6.24000000e-01 3.74075357e-01 3.74078474e-01 -5.07918342e+00
 6.25000000e-01 3.73094812e-01 3.73097921e-01 -5.07918342e+00
 6.26000000e-01 3.72114074e-01 3.72117175e-01 -5.07918342e+00
 6.27000000e-01 3.71133144e-01 3.71136237e-01 -5.07918342e+00
 6.28000000e-01 3.70152026e-01 3.70155111e-01 -5.07918342e+00
 6.29000000e-01 3.69170720e-01 3.69173797e-01 -5.07918342e+00
 6.30000000e-01 3.68189229e-01 3.68192297e-01 -5.07918342e+00
 6.31000000e-01 3.67207554e-01 3.67210614e-01 -5.07918342e+00
 6.32000000e-01 3.66225697e-01 3.66228749e-01 -5.07918342e+00
 6.33000000e-01 3.65243661e-01 3.65246704e-01 -5.07918342e+00
 6.34000000e-01 3.64261446e-01 3.64264481e-01 -5.07918342e+00
 6.35000000e-01 3.63279054e-01 3.63282082e-01 -5.07918342e+00
 6.36000000e-01 3.62296488e-01 3.62299508e-01 -5.07918342e+00
 6.37000000e-01 3.61313750e-01 3.61316761e-01 -5.07918342e+00
 6.38000000e-01 3.60330839e-01 3.60333842e-01 -5.07918342e+00
 6.39000000e-01 3.59347760e-01 3.59350754e-01 -5.07918342e+00
 6.40000000e-01 3.58364512e-01 3.58367499e-01 -5.07918342e+00
 6.41000000e-01 3.57381099e-01 3.57384077e-01 -5.07918342e+00
 6.42000000e-01 3.56397521e-01 3.56400491e-01 -5.07918342e+00
 6.43000000e-01 3.55413780e-01 3.55416741e-01 -5.07918342e+00
 6.44000000e-01 3.54429877e-01 3.54432831e-01 -5.07918342e+00
 6.45000000e-01 3.53445815e-01 3.53448761e-01 -5.07918342e+00
 6.46000000e-01 3.52461595e-01 3.52464533e-01 -5.07918342e+00
 6.47000000e-01 3.51477219e-01 3.51480148e-01 -5.07918342e+00
 6.48000000e-01 3.50492688e-01 3.50495608e-01 -5.07918342e+00
 6.49000000e-01 3.49508003e-01 3.49510916e-01 -5.07918342e+00
 6.50000000e-01 3.48523166e-01 3.48526071e-01 -5.07918342e+00
 6.51000000e-01 3.47538179e-01 3.47541076e-01 -5.07918342e+00
 6.52000000e-01 3.46553044e-01 3.46555932e-01 -5.07918342e+00
 6.53000000e-01 3.45567761e-01 3.45570640e-01 -5.07918342e+00
 6.54000000e-01 3.44582332e-01 3.44585203e-01 -5.07918342e+00
 6.55000000e-01 3.43596758e-01 3.43599621e-01 -5.07918342e+00
 6.56000000e-01 3.42611042e-01 3.42613897e-01 -5.07918342e+00
 6.57000000e-01 3.41625183e-01 3.41628030e-01 -5.07918342e+00
 6.58000000e-01 3.40639185e-01 3.40642024e-01 -5.07918342e+00
 6.59000000e-01 3.39653048e-01 3.39655879e-01 -5.07918342e+00
 6.60000000e-01 3.38666774e-01 3.38669596e-01 -5.07918342e+00
 6.61000000e-01 3.37680363e-01 3.37683177e-01 -5.07918342e+00
 6.62000000e-01 3.36693818e-01 3.36696624e-01 -5.07918342e+00
 6.63000000e-01 3.35707139e-01 3.35709937e-01 -5.07918342e+00
 6.64000000e-01 3.34720329e-01 3.34723118e-01 -5.07918342e+00
 6.65000000e-01 3.33733388e-01 3.33736169e-01 -5.07918342e+00
 6.66000000e-01 3.32746317e-01 3.32749090e-01 -5.07918342e+00
 6.67000000e-01 3.31759118e-01 3.31761883e-01 -5.07918342e+00
 6.68000000e-01 3.30771793e-01 3.30774549e-01 -5.07918342e+00
 6.69000000e-01 3.29784342e-01 3.29787090e-01 -5.07918342e+00
 6.70000000e-01 3.28796766e-01 3.28799506e-01 -5.07918342e+00
 6.71000000e-01 3.27809067e-01 3.27811799e-01 -5.07918342e+00
 6.72000000e-01 3.26821247e-01 3.26823971e-01 -5.07918342e+00
 6.73000000e-01 3.25833306e-01 3.25836021e-01 -5.07918342e+00
 6.74000000e-01 3.24845245e-01 3.24847952e-01 -5.07918342e+00
 6.75000000e-01 3.23857067e-01 3.23859765e-01 -5.07918342e+00
 6.76000000e-01 3.22868771e-01 3.22871461e-01 -5.07918342e+00
 6.77000000e-01 3.21880359e-01 3.21883041e-01 -5.07918342e+00
 6.78000000e-01 3.20891832e-01 3.20894506e-01 -5.07918342e+00
 6.79000000e-01 3.19903192e-01 3.19905858e-01 -5.07918342e+00
 6.80000000e-01 3.18914439e-01 3.18917097e-01 -5.07918342e+00
 6.81000000e-01 3.17925575e-01 3.17928224e-01 -5.07918342e+00
 6.82000000e-01 3.16936601e-01 3.16939242e-01 -5.07918342e+00
 6.83000000e-01 3.15947517e-01 3.15950150e-01 -5.07918342e+00
 6.84000000e-01 3.14958325e-01 3.14960950e-01 -5.07918342e+00
 6.85000000e-01 3.13969027e-01 3.13971643e-01 -5.07918342e+00
 6.86000000e-01 3.12979622e-01 3.12982230e-01 -5.07918342e+00
 6.87000000e-01 3.11990113e-01 3.11992713e-01 -5.07918342e+00
 6.88000000e-01 3.11000499e-01 3.11003091e-01 -5.07918342e+00
 6.89000000e-01 3.10010783e-01 3.10013367e-01 -5.07918342e+00
 6.90000000e-01 3.09020965e-01 3.09023541e-01 -5.07918342e+00
 6.91000000e-01 3.08031047e-01 3.08033614e-01 -5.07918342e+00
 6.92000000e-01 3.07041028e-01 3.07043587e-01 -5.07918342e+00
 6.93000000e-01 3.06050911e-01 3.06053461e-01 -5.07918342e+00
 6.94000000e-01 3.05060696e-01 3.05063238e-01 -5.07918342e+00
 6.95000000e-01 3.04070384e-01 3.04072918e-01 -5.07918342e+00
 6.96000000e-01 3.03079976e-01 3.03082502e-01 -5.07918342e+00
 6.97000000e-01 3.02089473e-01 3.02091991e-01 -5.07918342e+00
 6.98000000e-01 3.01098877e-01 3.01101386e-01 -5.07918342e+00
 6.99000000e-01 3.00108187e-01 3.00110688e-01 -5.07918342e+00
 7.00000000e-01 2.99117405e-01 2.99119898e-01 -5.07918342e+00
 7.01000000e-01 2.98126532e-01 2.98129017e-01 -5.07918342e+00
 7.02000000e-01 2.97135569e-01 2.97138045e-01 -5.07918342e+00
 7.03000000e-01 2.96144516e-01 2.96146984e-01 -5.07918342e+00
 7.04000000e-01 2.95153375e-01 2.95155835e-01 -5.07918342e+00
 7.05000000e-01 2.94162147e-01 2.94164598e-01 -5.07918342e+00
 7.06000000e-01 2.93170831e-01 2.93173274e-01 -5.07918342e+00
 7.07000000e-01 2.92179430e-01 2.92181865e-01 -5.07918342e+00
 7.08000000e-01 2.91187943e-01 2.91190370e-01 -5.07918342e+00
 7.09000000e-01 2.90196373e-01 2.90198791e-01 -5.07918342e+00
 7.10000000e-01 2.89204719e-01 2.89207129e-01 -5.07918342e+00
 7.11000000e-01 2.88212983e-01 2.88215384e-01 -5.07918342e+00
 7.12000000e-01 2.87221164e-01 2.87223558e-01 -5.07918342e+00
 7.13000000e-01 2.86229266e-01 2.86231651e-01 -5.07918342e+00
 7.14000000e-01 2.85237286e-01 2.85239663e-01 -5.07918342e+00
 7.15000000e-01 2.84245228e-01 2.84247597e-01 -5.07918342e+00
 7.16000000e-01 2.83253091e-01 2.83255452e-01 -5.07918342e+00
 7.17000000e-01 2.82260877e-01 2.82263229e-01 -5.07918342e+00
 7.18000000e-01 2.81268585e-01 2.81270929e-01 -5.07918342e+00
 7.19000000e-01 2.80276218e-01 2.80278553e-01 -5.07918342e+00
 7.20000000e-01 2.79283775e-01 2.79286102e-01 -5.07918342e+00
 7.21000000e-01 2.78291257e-01 2.78293576e-01 -5.07918342e+00
 7.22000000e-01 2.77298666e-01 2.77300976e-01 -5.07918342e+00
 7.23000000e-01 2.76306001e-01 2.76308303e-01 -5.07918342e+00
 7.24000000e-01 2.75313264e-01 2.75315558e-01 -5.07918342e+00
 7.25000000e-01 2.74320455e-01 2.74322741e-01 -5.07918342e+00
 7.26000000e-01 2.73327575e-01 2.73329852e-01 -5.07918342e+00
 7.27000000e-01 2.72334624e-01 2.72336894e-01 -5.07918342e+00
 7.28000000e-01 2.71341604e-01 2.71343866e-01 -5.07918342e+00
 7.29000000e-01 2.70348516e-01 2.70350768e-01 -5.07918342e+00
 7.30000000e-01 2.69355359e-01 2.69357603e-01 -5.07918342e+00
 7.31000000e-01 2.68362134e-01 2.68364370e-01 -5.07918342e+00
 7.32000000e-01 2.67368842e-01 2.67371071e-01 -5.07918342e+00
 7.33000000e-01 2.66375485e-01 2.66377705e-01 -5.07918342e+00
 7.34000000e-01 2.65382062e-01 2.65384273e-01 -5.07918342e+00
 7.35000000e-01 2.64388573e-01 2.64390777e-01 -5.07918342e+00
 7.36000000e-01 2.63395021e-01 2.63397216e-01 -5.07918342e+00
 7.37000000e-01 2.62401405e-01 2.62403592e-01 -5.07918342e+00
 7.38000000e-01 2.61407726e-01 2.61409904e-01 -5.07918342e+00
 7.39000000e-01 2.60413984e-01 2.60416155e-01 -5.07918342e+00
 7.40000000e-01 2.59420181e-01 2.59422343e-01 -5.07918342e+00
 7.41000000e-01 2.58426317e-01 2.58428471e-01 -5.07918342e+00
 7.42000000e-01 2.57432392e-01 2.57434538e-01 -5.07918342e+00
 7.43000000e-01 2.56438408e-01 2.56440545e-01 -5.07918342e+00
 7.44000000e-01 2.55444364e-01 2.55446492e-01 -5.07918342e+00
 7.45000000e-01 2.54450261e-01 2.54452381e-01 -5.07918342e+00
 7.46000000e-01 2.53456100e-01 2.53458212e-01 -5.07918342e+00
 7.47000000e-01 2.52461882e-01 2.52463985e-01 -5.07918342e+00
 7.48000000e-01 2.51467606e-01 2.51469702e-01 -5.07918342e+00
 7.49000000e-01 2.50473274e-01 2.50475362e-01 -5.07918342e+00
 7.50000000e-01 2.49478887e-01 2.49480966e-01 -5.07918342e+00
 7.51000000e-01 2.48484444e-01 2.48486514e-01 -5.07918342e+00
 7.52000000e-01 2.47489946e-01 2.47492008e-01 -5.07918342e+00
 7.53000000e-01 2.46495394e-01 2.46497448e-01 -5.07918342e+00
 7.54000000e-01 2.45500788e-01 2.45502834e-01 -5.07918342e+00
 7.55000000e-01 2.44506129e-01 2.44508167e-01 -5.07918342e+00
 7.56000000e-01 2.43511418e-01 2.43513447e-01 -5.07918342e+00
 7.57000000e-01 2.42516654e-01 2.42518675e-01 -5.07918342e+00
 7.58000000e-01 2.41521839e-01 2.41523852e-01 -5.07918342e+00
 7.59000000e-01 2.40526973e-01 2.40528977e-01 -5.07918342e+00
 7.60000000e-01 2.39532056e-01 2.39534053e-01 -5.07918342e+00
 7.61000000e-01 2.38537090e-01 2.38539077e-01 -5.07918342e+00
 7.62000000e-01 2.37542073e-01 2.37544053e-01 -5.07918342e+00
 7.63000000e-01 2.36547008e-01 2.36548979e-01 -5.07918342e+00
 7.64000000e-01 2.35551894e-01 2.35553857e-01 -5.07918342e+00
 7.65000000e-01 2.34556732e-01 2.34558687e-01 -5.07918342e+00
 7.66000000e-01 2.33561523e-01 2.33563469e-01 -5.07918342e+00
 7.67000000e-01 2.32566266e-01 2.32568204e-01 -5.07918342e+00
 7.68000000e-01 2.31570962e-01 2.31572892e-01 -5.07918342e+00
 7.69000000e-01 2.30575613e-01 2.30577534e-01 -5.07918342e+00
 7.70000000e-01 2.29580218e-01 2.29582131e-01 -5.07918342e+00
 7.71000000e-01 2.28584777e-01 2.28586682e-01 -5.07918342e+00
 7.72000000e-01 2.27589292e-01 2.27591188e-01 -5.07918342e+00
 7.73000000e-01 2.26593762e-01 2.26595650e-01 -5.07918342e+00
 7.74000000e-01 2.25598188e-01 2.25600068e-01 -5.07918342e+00
 7.75000000e-01 2.24602571e-01 2.24604442e-01 -5.07918342e+00
 7.76000000e-01 2.23606910e-01 2.23608774e-01 -5.07918342e+00
 7.77000000e-01 2.22611207e-01 2.22613062e-01 -5.07918342e+00
 7.78000000e-01 2.21615462e-01 2.21617309e-01 -5.07918342e+00
 7.79000000e-01 2.20619675e-01 2.20621514e-01 -5.07918342e+00
 7.80000000e-01 2.19623847e-01 2.19625677e-01 -5.07918342e+00
 7.81000000e-01 2.18627977e-01 2.18629799e-01 -5.07918342e+00
 7.82000000e-01 2.17632067e-01 2.17633881e-01 -5.07918342e+00
 7.83000000e-01 2.16636117e-01 2.16637923e-01 -5.07918342e+00
 7.84000000e-01 2.15640127e-01 2.15641925e-01 -5.07918342e+00
 7.85000000e-01 2.14644098e-01 2.14645887e-01 -5.07918342e+00
 7.86000000e-01 2.13648030e-01 2.13649810e-01 -5.07918342e+00
 7.87000000e-01 2.12651923e-01 2.12653695e-01 -5.07918342e+00
 7.88000000e-01 2.11655778e-01 2.11657542e-01 -5.07918342e+00
 7.89000000e-01 2.10659595e-01 2.10661351e-01 -5.07918342e+00
 7.90000000e-01 2.09663375e-01 2.09665122e-01 -5.07918342e+00
 7.91000000e-01 2.08667118e-01 2.08668857e-01 -5.07918342e+00
 7.92000000e-01 2.07670824e-01 2.07672554e-01 -5.07918342e+00
 7.93000000e-01 2.06674493e-01 2.06676216e-01 -5.07918342e+00
 7.94000000e-01 2.05678127e-01 2.05679841e-01 -5.07918342e+00
 7.95000000e-01 2.04681725e-01 2.04683431e-01 -5.07918342e+00
 7.96000000e-01 2.03685288e-01 2.03686985e-01 -5.07918342e+00
 7.97000000e-01 2.02688816e-01 2.02690505e-01 -5.07918342e+00
 7.98000000e-01 2.01692309e-01 2.01693990e-01 -5.07918342e+00
 7.99000000e-01 2.00695768e-01 2.00697440e-01 -5.07918342e+00
 8.00000000e-01 1.99699193e-01 1.99700857e-01 -5.07918342e+00
 8.01000000e-01 1.98702585e-01 1.98704241e-01 -5.07918342e+00
 8.02000000e-01 1.97705943e-01 1.97707591e-01 -5.07918342e+00
 8.03000000e-01 1.96709269e-01 1.96710908e-01 -5.07918342e+00
 8.04000000e-01 1.95712562e-01 1.95714193e-01 -5.07918342e+00
 8.05000000e-01 1.94715822e-01 1.94717445e-01 -5.07918342e+00
 8.06000000e-01 1.93719051e-01 1.93720666e-01 -5.07918342e+00
 8.07000000e-01 1.92722248e-01 1.92723854e-01 -5.07918342e+00
 8.08000000e-01 1.91725414e-01 1.91727012e-01 -5.07918342e+00
 8.09000000e-01 1.90728549e-01 1.90730139e-01 -5.07918342e+00
 8.10000000e-01 1.89731654e-01 1.89733235e-01 -5.07918342e+00
 8.11000000e-01 1.88734728e-01 1.88736300e-01 -5.07918342e+00
 8.12000000e-01 1.87737772e-01 1.87739336e-01 -5.07918342e+00
 8.13000000e-01 1.86740786e-01 1.86742342e-01 -5.07918342e+00
 8.14000000e-01 1.85743770e-01 1.85745318e-01 -5.07918342e+00
 8.15000000e-01 1.84746726e-01 1.84748266e-01 -5.07918342e+00
 8.16000000e-01 1.83749653e-01 1.83751184e-01 -5.07918342e+00
 8.17000000e-01 1.82752551e-01 1.82754074e-01 -5.07918342e+00
 8.18000000e-01 1.81755421e-01 1.81756935e-01 -5.07918342e+00
 8.19000000e-01 1.80758262e-01 1.80759769e-01 -5.07918342e+00
 8.20000000e-01 1.79761076e-01 1.79762574e-01 -5.07918342e+00
 8.21000000e-01 1.78763863e-01 1.78765353e-01 -5.07918342e+00
 8.22000000e-01 1.77766622e-01 1.77768104e-01 -5.07918342e+00
 8.23000000e-01 1.76769355e-01 1.76770828e-01 -5.07918342e+00
 8.24000000e-01 1.75772061e-01 1.75773525e-01 -5.07918342e+00
 8.25000000e-01 1.74774740e-01 1.74776196e-01 -5.07918342e+00
 8.26000000e-01 1.73777393e-01 1.73778841e-01 -5.07918342e+00
 8.27000000e-01 1.72780021e-01 1.72781460e-01 -5.07918342e+00
 8.28000000e-01 1.71782622e-01 1.71784054e-01 -5.07918342e+00
 8.29000000e-01 1.70785199e-01 1.70786622e-01 -5.07918342e+00
 8.30000000e-01 1.69787750e-01 1.69789165e-01 -5.07918342e+00
 8.31000000e-01 1.68790277e-01 1.68791683e-01 -5.07918342e+00
 8.32000000e-01 1.67792779e-01 1.67794177e-01 -5.07918342e+00
 8.33000000e-01 1.66795256e-01 1.66796646e-01 -5.07918342e+00
 8.34000000e-01 1.65797710e-01 1.65799091e-01 -5.07918342e+00
 8.35000000e-01 1.64800139e-01 1.64801512e-01 -5.07918342e+00
 8.36000000e-01 1.63802545e-01 1.63803910e-01 -5.07918342e+00
 8.37000000e-01 1.62804927e-01 1.62806284e-01 -5.07918342e+00
 8.38000000e-01 1.61807287e-01 1.61808635e-01 -5.07918342e+00
 8.39000000e-01 1.60809623e-01 1.60810963e-01 -5.07918342e+00
 8.40000000e-01 1.59811937e-01 1.59813269e-01 -5.07918342e+00
 8.41000000e-01 1.58814228e-01 1.58815551e-01 -5.07918342e+00
 8.42000000e-01 1.57816497e-01 1.57817812e-01 -5.07918342e+00
 8.43000000e-01 1.56818744e-01 1.56820051e-01 -5.07918342e+00
 8.44000000e-01 1.55820969e-01 1.55822267e-01 -5.07918342e+00
 8.45000000e-01 1.54823172e-01 1.54824463e-01 -5.07918342e+00
 8.46000000e-01 1.53825354e-01 1.53826636e-01 -5.07918342e+00
 8.47000000e-01 1.52827515e-01 1.52828789e-01 -5.07918342e+00
 8.48000000e-01 1.51829655e-01 1.51830920e-01 -5.07918342e+00
 8.49000000e-01 1.50831774e-01 1.50833031e-01 -5.07918342e+00
 8.50000000e-01 1.49833873e-01 1.49835122e-01 -5.07918342e+00
 8.51000000e-01 1.48835951e-01 1.48837192e-01 -5.07918342e+00
 8.52000000e-01 1.47838009e-01 1.47839241e-01 -5.07918342e+00
 8.53000000e-01 1.46840047e-01 1.46841271e-01 -5.07918342e+00
 8.54000000e-01 1.45842066e-01 1.45843281e-01 -5.07918342e+00
 8.55000000e-01 1.44844065e-01 1.44845272e-01 -5.07918342e+00
 8.56000000e-01 1.43846044e-01 1.43847243e-01 -5.07918342e+00
 8.57000000e-01 1.42848005e-01 1.42849195e-01 -5.07918342e+00
 8.58000000e-01 1.41849946e-01 1.41851128e-01 -5.07918342e+00
 8.59000000e-01 1.40851869e-01 1.40853042e-01 -5.07918342e+00
 8.60000000e-01 1.39853773e-01 1.39854938e-01 -5.07918342e+00
 8.61000000e-01 1.38855658e-01 1.38856815e-01 -5.07918342e+00
 8.62000000e-01 1.37857526e-01 1.37858674e-01 -5.07918342e+00
 8.63000000e-01 1.36859375e-01 1.36860515e-01 -5.07918342e+00
 8.64000000e-01 1.35861206e-01 1.35862339e-01 -5.07918342e+00
 8.65000000e-01 1.34863020e-01 1.34864144e-01 -5.07918342e+00
 8.66000000e-01 1.33864816e-01 1.33865932e-01 -5.07918342e+00
 8.67000000e-01 1.32866595e-01 1.32867703e-01 -5.07918342e+00
 8.68000000e-01 1.31868357e-01 1.31869456e-01 -5.07918342e+00
 8.69000000e-01 1.30870102e-01 1.30871193e-01 -5.07918342e+00
 8.70000000e-01 1.29871830e-01 1.29872912e-01 -5.07918342e+00
 8.71000000e-01 1.28873541e-01 1.28874615e-01 -5.07918342e+00
 8.72000000e-01 1.27875236e-01 1.27876302e-01 -5.07918342e+00
 8.73000000e-01 1.26876914e-01 1.26877972e-01 -5.07918342e+00
 8.74000000e-01 1.25878577e-01 1.25879626e-01 -5.07918342e+00
 8.75000000e-01 1.24880223e-01 1.24881264e-01 -5.07918342e+00
 8.76000000e-01 1.23881853e-01 1.23882886e-01 -5.07918342e+00
 8.77000000e-01 1.22883468e-01 1.22884492e-01 -5.07918342e+00
 8.78000000e-01 1.21885067e-01 1.21886083e-01 -5.07918342e+00
 8.79000000e-01 1.20886651e-01 1.20887659e-01 -5.07918342e+00
 8.80000000e-01 1.19888220e-01 1.19889219e-01 -5.07918342e+00
 8.81000000e-01 1.18889773e-01 1.18890764e-01 -5.07918342e+00
 8.82000000e-01 1.17891312e-01 1.17892294e-01 -5.07918342e+00
 8.83000000e-01 1.16892836e-01 1.16893810e-01 -5.07918342e+00
 8.84000000e-01 1.15894345e-01 1.15895311e-01 -5.07918342e+00
 8.85000000e-01 1.14895840e-01 1.14896797e-01 -5.07918342e+00
 8.86000000e-01 1.13897320e-01 1.13898269e-01 -5.07918342e+00
 8.87000000e-01 1.12898786e-01 1.12899727e-01 -5.07918342e+00
 8.88000000e-01 1.11900238e-01 1.11901171e-01 -5.07918342e+00
 8.89000000e-01 1.10901677e-01 1.10902601e-01 -5.07918342e+00
 8.90000000e-01 1.09903101e-01 1.09904017e-01 -5.07918342e+00
 8.91000000e-01 1.08904512e-01 1.08905420e-01 -5.07918342e+00
 8.92000000e-01 1.07905909e-01 1.07906808e-01 -5.07918342e+00
 8.93000000e-01 1.06907293e-01 1.06908184e-01 -5.07918342e+00
 8.94000000e-01 1.05908664e-01 1.05909546e-01 -5.07918342e+00
 8.95000000e-01 1.04910022e-01 1.04910896e-01 -5.07918342e+00
 8.96000000e-01 1.03911366e-01 1.03912232e-01 -5.07918342e+00
 8.97000000e-01 1.02912698e-01 1.02913556e-01 -5.07918342e+00
 8.98000000e-01 1.01914017e-01 1.01914866e-01 -5.07918342e+00
 8.99000000e-01 1.00915323e-01 1.00916164e-01 -5.07918342e+00
 9.00000000e-01 9.99166175e-02 9.99174501e-02 -5.07918342e+00
 9.01000000e-01 9.89178992e-02 9.89187235e-02 -5.07918342e+00
 9.02000000e-01 9.79191686e-02 9.79199846e-02 -5.07918342e+00
 9.03000000e-01 9.69204260e-02 9.69212336e-02 -5.07918342e+00
 9.04000000e-01 9.59216714e-02 9.59224707e-02 -5.07918342e+00
 9.05000000e-01 9.49229049e-02 9.49236959e-02 -5.07918342e+00
 9.06000000e-01 9.39241267e-02 9.39249094e-02 -5.07918342e+00
 9.07000000e-01 9.29253368e-02 9.29261112e-02 -5.07918342e+00
 9.08000000e-01 9.19265355e-02 9.19273015e-02 -5.07918342e+00
 9.09000000e-01 9.09277227e-02 9.09284805e-02 -5.07918342e+00
 9.10000000e-01 8.99288987e-02 8.99296481e-02 -5.07918342e+00
 9.11000000e-01 8.89300635e-02 8.89308046e-02 -5.07918342e+00
 9.12000000e-01 8.79312173e-02 8.79319501e-02 -5.07918342e+00
 9.13000000e-01 8.69323601e-02 8.69330846e-02 -5.07918342e+00
 9.14000000e-01 8.59334921e-02 8.59342082e-02 -5.07918342e+00
 9.15000000e-01 8.49346133e-02 8.49353211e-02 -5.07918342e+00
 9.16000000e-01 8.39357240e-02 8.39364234e-02 -5.07918342e+00
 9.17000000e-01 8.29368241e-02 8.29375152e-02 -5.07918342e+00
 9.18000000e-01 8.19379138e-02 8.19385966e-02 -5.07918342e+00
 9.19000000e-01 8.09389932e-02 8.09396677e-02 -5.07918342e+00
 9.20000000e-01 7.99400624e-02 7.99407285e-02 -5.07918342e+00
 9.21000000e-01 7.89411214e-02 7.89417793e-02 -5.07918342e+00
 9.22000000e-01 7.79421705e-02 7.79428200e-02 -5.07918342e+00
 9.23000000e-01 7.69432097e-02 7.69438509e-02 -5.07918342e+00
 9.24000000e-01 7.59442391e-02 7.59448719e-02 -5.07918342e+00
 9.25000000e-01 7.49452587e-02 7.49458833e-02 -5.07918342e+00
 9.26000000e-01 7.39462688e-02 7.39468850e-02 -5.07918342e+00
 9.27000000e-01 7.29472693e-02 7.29478772e-02 -5.07918342e+00
 9.28000000e-01 7.19482604e-02 7.19488600e-02 -5.07918342e+00
 9.29000000e-01 7.09492422e-02 7.09498335e-02 -5.07918342e+00
 9.30000000e-01 6.99502148e-02 6.99507977e-02 -5.07918342e+00
 9.31000000e-01 6.89511782e-02 6.89517528e-02 -5.07918342e+00
 9.32000000e-01 6.79521326e-02 6.79526988e-02 -5.07918342e+00
 9.33000000e-01 6.69530780e-02 6.69536359e-02 -5.07918342e+00
 9.34000000e-01 6.59540145e-02 6.59545641e-02 -5.07918342e+00
 9.35000000e-01 6.49549422e-02 6.49554835e-02 -5.07918342e+00
 9.36000000e-01 6.39558613e-02 6.39563942e-02 -5.07918342e+00
 9.37000000e-01 6.29567717e-02 6.29572963e-02 -5.07918342e+00
 9.38000000e-01 6.19576736e-02 6.19581899e-02 -5.07918342e+00
 9.39000000e-01 6.09585671e-02 6.09590751e-02 -5.07918342e+00
 9.40000000e-01 5.99594522e-02 5.99599519e-02 -5.07918342e+00
 9.41000000e-01 5.89603290e-02 5.89608204e-02 -5.07918342e+00
 9.42000000e-01 5.79611977e-02 5.79616807e-02 -5.07918342e+00
 9.43000000e-01 5.69620582e-02 5.69625329e-02 -5.07918342e+00
 9.44000000e-01 5.59629108e-02 5.59633771e-02 -5.07918342e+00
 9.45000000e-01 5.49637553e-02 5.49642134e-02 -5.07918342e+00
 9.46000000e-01 5.39645920e-02 5.39650417e-02 -5.07918342e+00
 9.47000000e-01 5.29654209e-02 5.29658623e-02 -5.07918342e+00
 9.48000000e-01 5.19662421e-02 5.19666752e-02 -5.07918342e+00
 9.49000000e-01 5.09670557e-02 5.09674804e-02 -5.07918342e+00
 9.50000000e-01 4.99678617e-02 4.99682781e-02 -5.07918342e+00
 9.51000000e-01 4.89686602e-02 4.89690683e-02 -5.07918342e+00
 9.52000000e-01 4.79694513e-02 4.79698511e-02 -5.07918342e+00
 9.53000000e-01 4.69702351e-02 4.69706265e-02 -5.07918342e+00
 9.54000000e-01 4.59710116e-02 4.59713947e-02 -5.07918342e+00
 9.55000000e-01 4.49717809e-02 4.49721557e-02 -5.07918342e+00
 9.56000000e-01 4.39725431e-02 4.39729095e-02 -5.07918342e+00
 9.57000000e-01 4.29732982e-02 4.29736563e-02 -5.07918342e+00
 9.58000000e-01 4.19740464e-02 4.19743962e-02 -5.07918342e+00
 9.59000000e-01 4.09747877e-02 4.09751291e-02 -5.07918342e+00
 9.60000000e-01 3.99755221e-02 3.99758552e-02 -5.07918342e+00
 9.61000000e-01 3.89762497e-02 3.89765745e-02 -5.07918342e+00
 9.62000000e-01 3.79769706e-02 3.79772871e-02 -5.07918342e+00
 9.63000000e-01 3.69776849e-02 3.69779931e-02 -5.07918342e+00
 9.64000000e-01 3.59783927e-02 3.59786925e-02 -5.07918342e+00
 9.65000000e-01 3.49790939e-02 3.49793854e-02 -5.07918342e+00
 9.66000000e-01 3.39797886e-02 3.39800718e-02 -5.07918342e+00
 9.67000000e-01 3.29804770e-02 3.29807519e-02 -5.07918342e+00
 9.68000000e-01 3.19811591e-02 3.19814256e-02 -5.07918342e+00
 9.69000000e-01 3.09818349e-02 3.09820931e-02 -5.07918342e+00
 9.70000000e-01 2.99825046e-02 2.99827544e-02 -5.07918342e+00
 9.71000000e-01 2.89831681e-02 2.89834096e-02 -5.07918342e+00
 9.72000000e-01 2.79838255e-02 2.79840587e-02 -5.07918342e+00
 9.73000000e-01 2.69844770e-02 2.69847018e-02 -5.07918342e+00
 9.74000000e-01 2.59851225e-02 2.59853390e-02 -5.07918342e+00
 9.75000000e-01 2.49857621e-02 2.49859703e-02 -5.07918342e+00
 9.76000000e-01 2.39863958e-02 2.39865957e-02 -5.07918342e+00
 9.77000000e-01 2.29870238e-02 2.29872154e-02 -5.07918342e+00
 9.78000000e-01 2.19876461e-02 2.19878293e-02 -5.07918342e+00
 9.79000000e-01 2.09882627e-02 2.09884376e-02 -5.07918342e+00
 9.80000000e-01 1.99888738e-02 1.99890403e-02 -5.07918342e+00
 9.81000000e-01 1.89894792e-02 1.89896375e-02 -5.07918342e+00
 9.82000000e-01 1.79900792e-02 1.79902291e-02 -5.07918342e+00
 9.83000000e-01 1.69906738e-02 1.69908154e-02 -5.07918342e+00
 9.84000000e-01 1.59912630e-02 1.59913962e-02 -5.07918342e+00
 9.85000000e-01 1.49918468e-02 1.49919717e-02 -5.07918342e+00
 9.86000000e-01 1.39924254e-02 1.39925420e-02 -5.07918342e+00
 9.87000000e-01 1.29929987e-02 1.29931070e-02 -5.07918342e+00
 9.88000000e-01 1.19935669e-02 1.19936669e-02 -5.07918342e+00
 9.89000000e-01 1.09941300e-02 1.09942216e-02 -5.07918342e+00
 9.90000000e-01 9.99468796e-03 9.99477125e-03 -5.07918342e+00
 9.91000000e-01 8.99524093e-03 8.99531589e-03 -5.07918342e+00
 9.92000000e-01 7.99578894e-03 7.99585557e-03 -5.07918342e+00
 9.93000000e-01 6.99633203e-03 6.99639033e-03 -5.07918342e+00
 9.94000000e-01 5.99687025e-03 5.99692023e-03 -5.07918342e+00
 9.95000000e-01 4.99740365e-03 4.99744530e-03 -5.07918343e+00
 9.96000000e-01 3.99793228e-03 3.99796559e-03 -5.07918343e+00
 9.97000000e-01 2.99845618e-03 2.99848117e-03 -5.07918343e+00
 9.98000000e-01 1.99897540e-03 1.99899206e-03 -5.07918344e+00
 9.99000000e-01 9.99489994e-04 9.99498323e-04 -5.07918346e+00
 1.00000000e+00 0.00000000e+00 0.00000000e+00 nan
